"citric acid" "chlorides" "total sulfur dioxide" "alcohol" "quality"
"1" 0.648743645797734 0.329870898947747 0.244831871595739 0.568741595585681 0.6
"2" 0.328331637924682 0.482914594715238 0.387312477613158 0.38252287336719 0.4
"3" 0.717403361770532 0.525958134149844 0.576763107126024 0.426563661254057 0.6
"4" 0.671630217788667 0.398602507162915 0.684722610855759 0.637382524161393 0.6
"5" 0.297816208603438 0.636257203951023 0.272186630814594 0.623776651386266 0.6
"6" 0.641114788467424 0.604978363261137 0.284901457469243 0.757245469518565 0.8
"7" 0.519053071182451 0.585636857907004 0.647814563486846 0.441095250497385 0.4
"8" 0.480908784530897 0.371753609379263 0.308683362103336 0.441095250497385 0.2
"9" 0.458022212539965 0.888928122715427 0.549857517250152 0.397278616405206 0.6
"10" 0.534310785843073 0.434450757722199 0.608955505619245 0.469942068436966 0.6
"11" 0.60297050181587 0.428991918940016 0.434282501108605 0.445922953272902 0.6
"12" 0.648743645797734 0.831854221065115 0.297050990264281 0.469942068436966 0.6
"13" 0.671630217788667 0.482914594715238 0.340875760596556 0.783279773215354 0.8
"14" 0.480908784530897 0.503619082038213 0.593332997459885 0.455554361630769 0.6
"15" 0.564826215164316 0.476345701146904 0.498133991616202 0.596383083860693 0.6
"16" 0.488537641861208 0.367579982640458 0.695995114988196 0.455554361630769 0.4
"17" 0.374104781906546 0.428991918940016 0.549857517250152 0.367690075268896 0.6
"18" 0.297816208603438 0.398602507162915 0.498133991616202 0.292326397135553 0.6
"19" 0.404620211227789 0.604978363261137 0.520011223150803 0.367690075268896 0.4
"20" 0.465651069870276 0.363485853553821 0.687584621129067 0.623776651386266 0.2
"21" 0.717403361770532 0.489645683186493 0.627305985206233 0.554825751101012 0.8
"22" 0.366475924576235 0.489645683186493 0.330560593637937 0.650928851778308 0.6
"23" 0.60297050181587 0.647345470227333 0.627305985206233 0.596383083860693 0.4
"24" 0.297816208603438 0.457555610242136 0.535341567216398 0.367690075268896 0.4
"25" 0.526681928512762 0.46367160061506 0.50376964454854 0.70453396381032 0.6
"26" 0.297816208603438 0.469933209806388 0.455050929971641 0.411958492932452 0.4
"27" 0.549568500503694 0.489645683186493 0.486501619777147 0.596383083860693 0.6
"28" 0.877609365707058 0.384775324804335 0.525217465965448 0.610110441258527 0.8
"29" 0.664001360458356 0.0680401300773092 0.350815746324416 0.512687112197303 0.4
"30" 0.335960495254992 0.576380566058955 0.308683362103336 0.554825751101012 0.6
"31" 0.297816208603438 0.440032267038813 0.59732313378019 0.426563661254057 0.4
"32" 0.358847067245925 0.329870898947747 0.540266375837282 0.38252287336719 0.6
"33" 0.320702780594371 0.49654504886953 0.297050990264281 0.455554361630769 0.2
"34" 0.534310785843073 0.49654504886953 0.520011223150803 0.292326397135553 0.4
"35" 0.358847067245925 0.595165393632937 0.498133991616202 0.367690075268896 0.6
"36" 0.572455072494627 0.440032267038813 0.581000703385091 0.498507433814019 0.2
"37" 0.31307392326406 0.615088695605343 0.411805226558705 0.367690075268896 0.6
"38" 0.793691935073639 0.49654504886953 0.230054246593513 0.582593750992074 0.4
"39" 0.297816208603438 0.329870898947747 0.258851328334581 0.397278616405206 0.6
"40" 0.305445065933749 0.51087450067276 0.461637260327459 0.821943784446501 0.6
"41" 0.564826215164316 0.457555610242136 0.568085569294806 0.554825751101012 0.4
"42" 0.641114788467424 0.722045369351941 0.492379684684304 0.596383083860693 0.8
"43" 0.732661076431153 0.3594689721858 0.284901457469243 0.637382524161393 0.6
"44" 0.80132079240395 0.323109270147675 0.44138210764098 0.677845954908352 0.8
"45" 0.297816208603438 0.625510115098601 0.350815746324416 0.322716987610197 0.4
"46" 0.80132079240395 0.418426424522888 0.448301957847447 0.554825751101012 0.8
"47" 0.458022212539965 0.3594689721858 0.492379684684304 0.367690075268896 0.4
"48" 0.519053071182451 0.489645683186493 0.535341567216398 0.484259418443762 0.4
"49" 0.793691935073639 0.533801623557928 0.340875760596556 0.691218230935918 0.6
"50" 0.31307392326406 0.469933209806388 0.455050929971641 0.512687112197303 0.6
"51" 0.389362496567168 0.188864347791183 0.37863493978194 0.411958492932452 0.6
"52" 0.671630217788667 0.46367160061506 0.748574101363356 0.411958492932452 0.4
"53" 0.297816208603438 0.403403612148534 0.419504876106379 0.352779002199163 0.6
"54" 0.816578507064572 0.831854221065115 0.998101624340523 0.757245469518565 0.8
"55" 0.328331637924682 0.525958134149844 0.455050929971641 0.441095250497385 0.6
"56" 0.328331637924682 0.722045369351941 0.258851328334581 0.367690075268896 0.4
"57" 0.618228216476491 0.708522111751796 0.350815746324416 0.637382524161393 0.4
"58" 0.480908784530897 0.423651750566142 0.530326390109422 0.441095250497385 0.6
"59" 0.320702780594371 0.51087450067276 0.284901457469243 0.367690075268896 0.4
"60" 0.854722793716126 0.54185709916623 0.657519233243484 0.717793864781918 0.8
"61" 0.450393355209654 0.518318371739373 0.576763107126024 0.498507433814019 0.6
"62" 0.480908784530897 0.525958134149844 0.753091881638442 0.352779002199163 0.4
"63" 0.297816208603438 0.207021064845229 0.272186630814594 0.441095250497385 0.4
"64" 0.618228216476491 0.393899383911697 0.244831871595739 0.757245469518565 0.6
"65" 0.618228216476491 0.576380566058955 0.369672842337624 0.809106622342337 0.8
"66" 0.633485931137113 0.503619082038213 0.284901457469243 0.540845330891464 0.4
"67" 0.70214564710991 0.38034880107898 0.258851328334581 0.730998630313712 0.8
"68" 0.480908784530897 0.518318371739373 0.468068603730618 0.352779002199163 0.4
"69" 0.854722793716126 0.615088695605343 0.387312477613158 0.610110441258527 0.6
"70" 0.450393355209654 0.518318371739373 0.576763107126024 0.498507433814019 0.6
"71" 0.496166499191519 0.658791422512555 0.455050929971641 0.38252287336719 0.4
"72" 0.480908784530897 0.49654504886953 0.272186630814594 0.367690075268896 0.4
"73" 0.374104781906546 0.615088695605343 0.581000703385091 0.337788401714266 0.4
"74" 0.458022212539965 0.54185709916623 0.297050990264281 0.367690075268896 0.4
"75" 0.80132079240395 0.301175205991343 0.230054246593513 0.70453396381032 0.6
"76" 0.70214564710991 0.132078557352589 0.480494356340667 0.770288865944759 0.6
"77" 0.297816208603438 0.722045369351941 0.419504876106379 0.367690075268896 0.4
"78" 0.435135640549033 0.585636857907004 0.474352086982109 0.322716987610197 0.6
"79" 0.648743645797734 0.367579982640458 0.258851328334581 0.691218230935918 0.8
"80" 0.31307392326406 0.518318371739373 0.480494356340667 0.554825751101012 0.6
"81" 0.297816208603438 0.525958134149844 0.474352086982109 0.352779002199163 0.4
"82" 0.366475924576235 0.604978363261137 0.258851328334581 0.691218230935918 0.6
"83" 0.488537641861208 0.525958134149844 0.684722610855759 0.322716987610197 0.4
"84" 0.526681928512762 0.595165393632937 0.748574101363356 0.469942068436966 0.4
"85" 0.50379535652183 0.49654504886953 0.612725489302845 0.411958492932452 0.2
"86" 0.778434220413018 0.469933209806388 0.387312477613158 0.610110441258527 0.8
"87" 0.816578507064572 0.0625788018007552 0.258851328334581 0.426563661254057 0.8
"88" 0.396991353897479 0.46367160061506 0.403882367947019 0.322716987610197 0.6
"89" 0.641114788467424 0.567385014826344 0.509291438081735 0.352779002199163 0.4
"90" 0.297816208603438 0.482914594715238 0.330560593637937 0.70453396381032 0.6
"91" 0.755547648422085 0.604978363261137 0.426993549585151 0.455554361630769 0.6
"92" 0.641114788467424 0.533801623557928 0.37863493978194 0.70453396381032 0.8
"93" 0.618228216476491 0.567385014826344 0.786773763293056 0.512687112197303 0.4
"94" 0.625857073806802 0.525958134149844 0.693220274061406 0.455554361630769 0.6
"95" 0.587712787155248 0.403403612148534 0.350815746324416 0.352779002199163 0.4
"96" 0.31307392326406 0.615088695605343 0.411805226558705 0.367690075268896 0.6
"97" 0.816578507064572 0.045686500104129 0.616444179098017 0.307563438634719 0.6
"98" 0.473279927200586 0.615088695605343 0.637752587360312 0.455554361630769 0.4
"99" 0.320702780594371 0.953784829136237 0.690416972731228 0.972244501101358 1
"100" 0.343589352585303 0.503619082038213 0.514703881950062 0.455554361630769 0.6
"101" 0.587712787155248 0.615088695605343 0.585173600985152 0.730998630313712 0.8
"102" 0.664001360458356 0.797463536737363 0.244831871595739 0.730998630313712 0.8
"103" 0.496166499191519 0.576380566058955 0.772545745320369 0.352779002199163 0.4
"104" 0.328331637924682 0.313392980023201 0.585173600985152 0.568741595585681 0.6
"105" 0.465651069870276 0.518318371739373 0.461637260327459 0.526799427545093 0.6
"106" 0.671630217788667 0.46367160061506 0.545104015111648 0.809106622342337 0.6
"107" 0.633485931137113 0.241831732122316 0.563641252125576 0.426563661254057 0.2
"108" 0.305445065933749 0.49654504886953 0.525217465965448 0.540845330891464 0.6
"109" 0.31307392326406 0.482914594715238 0.709461852663668 0.397278616405206 0.6
"110" 0.297816208603438 0.625510115098601 0.468068603730618 0.397278616405206 0.4
"111" 0.31307392326406 0.469933209806388 0.455050929971641 0.512687112197303 0.6
"112" 0.31307392326406 0.469933209806388 0.455050929971641 0.512687112197303 0.6
"113" 0.358847067245925 0.604978363261137 0.330560593637937 0.79621881995559 0.4
"114" 0.610599359146181 0.476345701146904 0.605132793183924 0.367690075268896 0.4
"115" 0.70214564710991 0.54185709916623 0.350815746324416 0.717793864781918 0.8
"116" 0.526681928512762 0.550133272736404 0.637752587360312 0.367690075268896 0.6
"117" 0.526681928512762 0.503619082038213 0.474352086982109 0.512687112197303 0.4
"118" 0.70214564710991 0.398602507162915 0.360406887737286 0.677845954908352 0.8
"119" 0.328331637924682 0.615088695605343 0.369672842337624 0.426563661254057 0.4
"120" 0.473279927200586 0.389291273251413 0.672965121374926 0.352779002199163 0.4
"121" 0.740289933761464 0.576380566058955 0.509291438081735 0.292326397135553 0.4
"122" 0.664001360458356 0.482914594715238 0.627305985206233 0.322716987610197 0.4
"123" 0.70214564710991 0.54185709916623 0.350815746324416 0.717793864781918 0.8
"124" 0.465651069870276 0.503619082038213 0.549857517250152 0.38252287336719 0.4
"125" 0.831836221725193 0.393899383911697 0.788747197741294 0.292326397135553 0.4
"126" 0.450393355209654 0.525958134149844 0.601255856071571 0.337788401714266 0.4
"127" 0.671630217788667 0.408305793028586 0.395722971472286 0.596383083860693 0.4
"128" 0.725032219100842 0.550133272736404 0.230054246593513 0.637382524161393 0.6
"129" 0.618228216476491 0.489645683186493 0.568085569294806 0.637382524161393 0.6
"130" 0.717403361770532 0.489645683186493 0.330560593637937 0.352779002199163 0.4
"131" 0.297816208603438 0.595165393632937 0.403882367947019 0.596383083860693 0.6
"132" 0.816578507064572 0.46367160061506 0.411805226558705 0.691218230935918 0.4
"133" 0.671630217788667 0.413312275629491 0.739308146763018 0.307563438634719 0.4
"134" 0.633485931137113 0.46367160061506 0.387312477613158 0.367690075268896 0.4
"135" 0.297816208603438 0.403403612148534 0.297050990264281 0.650928851778308 0.2
"136" 0.51142421385214 0.595165393632937 0.330560593637937 0.484259418443762 0.4
"137" 0.50379535652183 0.604978363261137 0.530326390109422 0.717793864781918 0.6
"138" 0.335960495254992 0.931205086900844 0.693220274061406 0.834730898563407 1
"139" 0.458022212539965 0.49654504886953 0.480494356340667 0.367690075268896 0.4
"140" 0.297816208603438 0.376009071936476 0.395722971472286 0.540845330891464 0.4
"141" 0.839465079055504 0.298243925528054 0.319840808568869 0.691218230935918 0.8
"142" 0.595341644485559 0.518318371739373 0.308683362103336 0.582593750992074 0.6
"143" 0.641114788467424 0.533801623557928 0.37863493978194 0.70453396381032 0.8
"144" 0.526681928512762 0.222460056735134 0.535341567216398 0.367690075268896 0.6
"145" 0.50379535652183 0.482914594715238 0.816756614719099 0.352779002199163 0.4
"146" 0.50379535652183 0.408305793028586 0.660679031253195 0.307563438634719 0.6
"147" 0.549568500503694 0.647345470227333 0.426993549585151 0.677845954908352 0.8
"148" 0.519053071182451 0.533801623557928 0.623733130621471 0.367690075268896 0.4
"149" 0.60297050181587 0.797463536737363 0.258851328334581 0.821943784446501 0.8
"150" 0.610599359146181 0.445740628839896 0.330560593637937 0.337788401714266 0.4
"151" 0.404620211227789 0.525958134149844 0.492379684684304 0.540845330891464 0.4
"152" 0.389362496567168 0.310262175427538 0.486501619777147 0.623776651386266 0.8
"153" 0.496166499191519 0.340470208958672 0.601255856071571 0.469942068436966 0.4
"154" 0.31307392326406 0.51087450067276 0.284901457469243 0.43383858380163 0
"155" 0.50379535652183 0.423651750566142 0.581000703385091 0.757245469518565 0.8
"156" 0.664001360458356 0.550133272736404 0.68183031419717 0.38252287336719 0.2
"157" 0.648743645797734 0.54185709916623 0.330560593637937 0.757245469518565 0.6
"158" 0.496166499191519 0.0491874251173147 0.563641252125576 0.352779002199163 0.4
"159" 0.633485931137113 0.567385014826344 0.630832737153846 0.367690075268896 0.4
"160" 0.671630217788667 0.576380566058955 0.554529758949915 0.38252287336719 0.2
"161" 0.541939643173384 0.604978363261137 0.411805226558705 0.498507433814019 0.4
"162" 0.335960495254992 0.489645683186493 0.486501619777147 0.484259418443762 0.6
"163" 0.31307392326406 0.636257203951023 0.498133991616202 0.547843669180493 0.6
"164" 0.671630217788667 0.161235876673944 0.330560593637937 0.199069816797818 0
"165" 0.572455072494627 0.736051600437805 0.50376964454854 0.691218230935918 0.4
"166" 0.625857073806802 0.49654504886953 0.68183031419717 0.455554361630769 0.4
"167" 0.60297050181587 0.482914594715238 0.272186630814594 0.744148942508205 0.6
"168" 0.778434220413018 0.55863934001686 0.419504876106379 0.783279773215354 0.8
"169" 0.389362496567168 0.208653335368269 0.284901457469243 0.322716987610197 0.4
"170" 0.305445065933749 0.49654504886953 0.411805226558705 0.512687112197303 0.4
"171" 0.686887932449288 0.045426283064224 0.623733130621471 0.322716987610197 0.4
"172" 0.633485931137113 0.355527172712508 0.780766499856577 0.367690075268896 0.4
"173" 0.694516789779599 0.276392562074448 0.530326390109422 0.650928851778308 0.6
"174" 0.297816208603438 0.398602507162915 0.308683362103336 0.540845330891464 0
"175" 0.808949649734261 0.418426424522888 0.319840808568869 0.717793864781918 0.6
"176" 0.488537641861208 0.51087450067276 0.59732313378019 0.469942068436966 0.4
"177" 0.297816208603438 0.722045369351941 0.369672842337624 0.691218230935918 0.2
"178" 0.358847067245925 0.567385014826344 0.535341567216398 0.582593750992074 0.4
"179" 0.31307392326406 0.831854221065115 0.272186630814594 0.367690075268896 0.4
"180" 0.496166499191519 0.403403612148534 0.480494356340667 0.38252287336719 0.4
"181" 0.51142421385214 0.869110795753513 0.554529758949915 0.821943784446501 0.4
"182" 0.442764497879343 0.215385183985033 0.608955505619245 0.582593750992074 0.4
"183" 0.404620211227789 0.518318371739373 0.601255856071571 0.411958492932452 0.4
"184" 0.297816208603438 0.503619082038213 0.581000703385091 0.637382524161393 0.6
"185" 0.358847067245925 0.615088695605343 0.369672842337624 0.352779002199163 0.4
"186" 0.60297050181587 0.347860553553444 0.330560593637937 0.691218230935918 0.8
"187" 0.297816208603438 0.428991918940016 0.308683362103336 0.650928851778308 0.8
"188" 0.51142421385214 0.0591852590492009 0.585173600985152 0.337788401714266 0.4
"189" 0.664001360458356 0.647345470227333 0.411805226558705 0.337788401714266 0.6
"190" 0.297816208603438 0.445740628839896 0.498133991616202 0.337788401714266 0.4
"191" 0.656372503128045 0.457555610242136 0.647814563486846 0.307563438634719 0.4
"192" 0.541939643173384 0.615088695605343 0.563641252125576 0.691218230935918 0.6
"193" 0.374104781906546 0.54185709916623 0.448301957847447 0.469942068436966 0.6
"194" 0.450393355209654 0.567385014826344 0.55912347185049 0.322716987610197 0.6
"195" 0.442764497879343 0.413312275629491 0.634314561102066 0.441095250497385 0.6
"196" 0.633485931137113 0.533801623557928 0.403882367947019 0.322716987610197 0.8
"197" 0.305445065933749 0.371753609379263 0.576763107126024 0.623776651386266 0.6
"198" 0.358847067245925 0.525958134149844 0.403882367947019 0.292326397135553 0.4
"199" 0.343589352585303 0.647345470227333 0.530326390109422 0.484259418443762 0.6
"200" 0.427506783218722 0.403403612148534 0.498133991616202 0.367690075268896 0.4
"201" 0.526681928512762 0.54185709916623 0.581000703385091 0.469942068436966 0.4
"202" 0.648743645797734 0.329870898947747 0.369672842337624 0.512687112197303 0.4
"203" 0.320702780594371 0.533801623557928 0.455050929971641 0.498507433814019 0.6
"204" 0.458022212539965 0.567385014826344 0.434282501108605 0.397278616405206 0.4
"205" 0.557197357834005 0.413312275629491 0.535341567216398 0.397278616405206 0.8
"206" 0.747918791091775 0.451580217349049 0.554529758949915 0.582593750992074 0.6
"207" 0.51142421385214 0.51087450067276 0.660679031253195 0.411958492932452 0.4
"208" 0.526681928512762 0.476345701146904 0.644501559484507 0.352779002199163 0.4
"209" 0.328331637924682 0.313392980023201 0.585173600985152 0.568741595585681 0.6
"210" 0.366475924576235 0.469933209806388 0.554529758949915 0.596383083860693 0.6
"211" 0.374104781906546 0.46367160061506 0.72726569310106 0.469942068436966 0.4
"212" 0.633485931137113 0.367579982640458 0.340875760596556 0.582593750992074 0.8
"213" 0.51142421385214 0.384775324804335 0.712077370074614 0.352779002199163 0.4
"214" 0.618228216476491 0.49654504886953 0.426993549585151 0.352779002199163 0.6
"215" 0.480908784530897 0.55863934001686 0.736941729524301 0.352779002199163 0.6
"216" 0.50379535652183 0.567385014826344 0.411805226558705 0.717793864781918 0.6
"217" 0.297816208603438 0.367579982640458 0.448301957847447 0.540845330891464 0.6
"218" 0.656372503128045 0.316576849103537 0.308683362103336 0.411958492932452 0.6
"219" 0.297816208603438 0.533801623557928 0.585173600985152 0.322716987610197 0.4
"220" 0.473279927200586 0.340470208958672 0.68183031419717 0.337788401714266 0.4
"221" 0.374104781906546 0.489645683186493 0.690416972731228 0.441095250497385 0.4
"222" 0.320702780594371 0.51087450067276 0.687584621129067 0.397278616405206 0.4
"223" 0.297816208603438 0.54185709916623 0.474352086982109 0.426563661254057 0.6
"224" 0.473279927200586 0.615088695605343 0.284901457469243 0.322716987610197 0.4
"225" 0.488537641861208 0.367579982640458 0.37863493978194 0.38252287336719 0.4
"226" 0.526681928512762 0.625510115098601 0.369672842337624 0.441095250497385 0.6
"227" 0.610599359146181 0.625510115098601 0.601255856071571 0.637382524161393 0.6
"228" 0.633485931137113 0.670612651921883 0.474352086982109 0.664416409246578 0.8
"229" 0.450393355209654 0.550133272736404 0.530326390109422 0.337788401714266 0.4
"230" 0.31307392326406 0.51087450067276 0.448301957847447 0.411958492932452 0.4
"231" 0.465651069870276 0.533801623557928 0.672965121374926 0.367690075268896 0.6
"232" 0.641114788467424 0.482914594715238 0.319840808568869 0.322716987610197 0.6
"233" 0.473279927200586 0.55863934001686 0.387312477613158 0.610110441258527 0.6
"234" 0.374104781906546 0.533801623557928 0.411805226558705 0.397278616405206 0.6
"235" 0.60297050181587 0.344131788780627 0.403882367947019 0.717793864781918 0.8
"236" 0.541939643173384 0.451580217349049 0.545104015111648 0.512687112197303 0.8
"237" 0.480908784530897 0.135518949012926 0.319840808568869 0.292326397135553 0.6
"238" 0.450393355209654 0.398602507162915 0.75532307348755 0.322716987610197 0.4
"239" 0.442764497879343 0.525958134149844 0.530326390109422 0.397278616405206 0.4
"240" 0.564826215164316 0.604978363261137 0.589283745862245 0.484259418443762 0.6
"241" 0.488537641861208 0.550133272736404 0.612725489302845 0.512687112197303 0.6
"242" 0.473279927200586 0.953784829136237 0.637752587360312 0.783279773215354 0.6
"243" 0.351218209915614 0.708522111751796 0.545104015111648 0.540845330891464 0.6
"244" 0.709774504440221 0.46367160061506 0.616444179098017 0.512687112197303 0.6
"245" 0.305445065933749 0.54185709916623 0.498133991616202 0.411958492932452 0.4
"246" 0.587712787155248 0.413312275629491 0.601255856071571 0.554825751101012 0.6
"247" 0.572455072494627 0.489645683186493 0.308683362103336 0.568741595585681 0.6
"248" 0.458022212539965 0.445740628839896 0.50376964454854 0.596383083860693 0.6
"249" 0.297816208603438 0.418426424522888 0.662245336305859 0.367690075268896 0.4
"250" 0.320702780594371 0.765620310507962 0.330560593637937 0.650928851778308 0.6
"251" 0.358847067245925 0.909607072588729 0.706821064161799 0.84746854553169 0.8
"252" 0.70214564710991 0.682827922311522 0.258851328334581 0.568741595585681 0.8
"253" 0.320702780594371 0.518318371739373 0.434282501108605 0.441095250497385 0.4
"254" 0.656372503128045 0.765620310507962 0.461637260327459 0.526799427545093 0.8
"255" 0.366475924576235 0.440032267038813 0.419504876106379 0.664416409246578 0.6
"256" 0.717403361770532 0.525958134149844 0.576763107126024 0.426563661254057 0.6
"257" 0.31307392326406 0.49654504886953 0.750842325863926 0.397278616405206 0.4
"258" 0.297816208603438 0.636257203951023 0.576763107126024 0.540845330891464 0.6
"259" 0.358847067245925 0.636257203951023 0.474352086982109 0.397278616405206 0.4
"260" 0.396991353897479 0.403403612148534 0.612725489302845 0.307563438634719 0.6
"261" 0.50379535652183 0.344131788780627 0.695995114988196 0.337788401714266 0.4
"262" 0.51142421385214 0.344131788780627 0.802176118815711 0.426563661254057 0.6
"263" 0.679259075118978 0.503619082038213 0.641147904112466 0.397278616405206 0.4
"264" 0.297816208603438 0.298243925528054 0.593332997459885 0.469942068436966 0.4
"265" 0.305445065933749 0.765620310507962 0.426993549585151 0.783279773215354 0.8
"266" 0.335960495254992 0.457555610242136 0.272186630814594 0.568741595585681 0.4
"267" 0.450393355209654 0.525958134149844 0.498133991616202 0.352779002199163 0.4
"268" 0.297816208603438 0.708522111751796 0.258851328334581 0.498507433814019 0.6
"269" 0.305445065933749 0.418426424522888 0.319840808568869 0.582593750992074 0.8
"270" 0.358847067245925 0.398602507162915 0.695995114988196 0.322716987610197 0.6
"271" 0.534310785843073 0.476345701146904 0.554529758949915 0.484259418443762 0.4
"272" 0.488537641861208 0.489645683186493 0.498133991616202 0.292326397135553 0.6
"273" 0.366475924576235 0.326460686161624 0.520011223150803 0.367690075268896 0.4
"274" 0.458022212539965 0.49654504886953 0.811379664582877 0.426563661254057 0.4
"275" 0.549568500503694 0.389291273251413 0.498133991616202 0.554825751101012 0.4
"276" 0.625857073806802 0.604978363261137 0.55912347185049 0.70453396381032 0.6
"277" 0.641114788467424 0.313392980023201 0.630832737153846 0.568741595585681 0.6
"278" 0.480908784530897 0.51087450067276 0.37863493978194 0.441095250497385 0.4
"279" 0.641114788467424 0.49654504886953 0.297050990264281 0.637382524161393 0.6
"280" 0.694516789779599 0.567385014826344 0.480494356340667 0.292326397135553 0.6
"281" 0.549568500503694 0.127942767377929 0.75973154782889 0.367690075268896 0.4
"282" 0.526681928512762 0.49654504886953 0.666891105102924 0.367690075268896 0.6
"283" 0.50379535652183 0.476345701146904 0.701461686885949 0.411958492932452 0.6
"284" 0.297816208603438 0.518318371739373 0.44138210764098 0.441095250497385 0.6
"285" 0.656372503128045 0.451580217349049 0.369672842337624 0.512687112197303 0.4
"286" 0.465651069870276 0.413312275629491 0.468068603730618 0.582593750992074 0.4
"287" 0.473279927200586 0.376009071936476 0.704154511462928 0.455554361630769 0.4
"288" 0.31307392326406 1.25263435872232 0.530326390109422 0.821943784446501 0.6
"289" 0.328331637924682 0.595165393632937 0.308683362103336 0.352779002199163 0.6
"290" 0.595341644485559 0.49654504886953 0.581000703385091 0.568741595585681 0.6
"291" 0.671630217788667 0.199146075479683 0.411805226558705 0.352779002199163 0.6
"292" 0.297816208603438 0.550133272736404 0.387312477613158 0.337788401714266 0.4
"293" 0.297816208603438 0.518318371739373 0.530326390109422 0.610110441258527 0.4
"294" 0.557197357834005 0.831854221065115 0.230054246593513 0.582593750992074 0.8
"295" 0.488537641861208 0.371753609379263 0.55912347185049 0.322716987610197 0.4
"296" 0.671630217788667 0.503619082038213 0.634314561102066 0.498507433814019 0.6
"297" 0.633485931137113 0.533801623557928 0.403882367947019 0.322716987610197 0.8
"298" 0.335960495254992 0.503619082038213 0.350815746324416 0.337788401714266 0.4
"299" 0.664001360458356 0.384775324804335 0.714668095478314 0.367690075268896 0.4
"300" 0.473279927200586 0.445740628839896 0.714668095478314 0.367690075268896 0.4
"301" 0.671630217788667 0.393899383911697 0.520011223150803 0.484259418443762 0.4
"302" 0.618228216476491 0.576380566058955 0.788747197741294 0.512687112197303 0.4
"303" 0.480908784530897 0.576380566058955 0.486501619777147 0.352779002199163 0.4
"304" 0.633485931137113 0.567385014826344 0.630832737153846 0.367690075268896 0.4
"305" 0.31307392326406 0.482914594715238 0.709461852663668 0.397278616405206 0.6
"306" 0.427506783218722 0.482914594715238 0.563641252125576 0.498507433814019 0.4
"307" 0.343589352585303 0.49654504886953 0.468068603730618 0.38252287336719 0.4
"308" 0.366475924576235 0.503619082038213 0.387312477613158 0.469942068436966 0.4
"309" 0.679259075118978 0.367579982640458 0.297050990264281 0.664416409246578 0.8
"310" 0.595341644485559 0.476345701146904 0.59732313378019 0.650928851778308 0.8
"311" 0.633485931137113 0.393899383911697 0.319840808568869 0.637382524161393 0.6
"312" 0.580083929824937 0.850102339279841 0.746286895684009 0.809106622342337 0.6
"313" 0.320702780594371 0.567385014826344 0.593332997459885 0.809106622342337 0.6
"314" 0.557197357834005 0.451580217349049 0.774624230498018 0.367690075268896 0.4
"315" 0.305445065933749 0.636257203951023 0.525217465965448 0.691218230935918 0.6
"316" 0.480908784530897 0.682827922311522 0.55912347185049 0.972244501101358 1
"317" 0.358847067245925 0.482914594715238 0.743980388462781 0.352779002199163 0.4
"318" 0.480908784530897 0.476345701146904 0.608955505619245 0.441095250497385 0.6
"319" 0.549568500503694 0.525958134149844 0.545104015111648 0.582593750992074 0.6
"320" 0.305445065933749 0.636257203951023 0.525217465965448 0.691218230935918 0.6
"321" 0.480908784530897 0.831854221065115 0.714668095478314 0.650928851778308 0.4
"322" 0.480908784530897 0.408305793028586 0.520011223150803 0.677845954908352 0.6
"323" 0.656372503128045 0.658791422512555 0.468068603730618 0.441095250497385 0.6
"324" 0.80132079240395 0.301175205991343 0.230054246593513 0.70453396381032 0.6
"325" 0.717403361770532 0.567385014826344 0.360406887737286 0.554825751101012 0.6
"326" 0.526681928512762 0.54185709916623 0.403882367947019 0.637382524161393 1
"327" 0.427506783218722 0.482914594715238 0.563641252125576 0.498507433814019 0.4
"328" 0.404620211227789 0.604978363261137 0.520011223150803 0.367690075268896 0.4
"329" 0.31307392326406 0.489645683186493 0.690416972731228 0.397278616405206 0.6
"330" 0.31307392326406 0.585636857907004 0.540266375837282 0.582593750992074 0.4
"331" 0.297816208603438 0.525958134149844 0.535341567216398 0.540845330891464 0.6
"332" 0.641114788467424 0.423651750566142 0.693220274061406 0.352779002199163 0.4
"333" 0.458022212539965 0.445740628839896 0.50376964454854 0.596383083860693 0.6
"334" 0.343589352585303 0.670612651921883 0.455050929971641 0.637382524161393 0.2
"335" 0.534310785843073 0.434450757722199 0.608955505619245 0.469942068436966 0.6
"336" 0.458022212539965 0.585636857907004 0.244831871595739 0.411958492932452 0.6
"337" 0.358847067245925 0.457555610242136 0.44138210764098 0.292326397135553 0.2
"338" 0.664001360458356 0.585636857907004 0.605132793183924 0.484259418443762 0.6
"339" 0.473279927200586 0.525958134149844 0.709461852663668 0.367690075268896 0.6
"340" 0.473279927200586 0.423651750566142 0.734554644624514 0.322716987610197 0.4
"341" 0.496166499191519 0.576380566058955 0.772545745320369 0.352779002199163 0.4
"342" 0.450393355209654 0.49654504886953 0.768340747246527 0.307563438634719 0.2
"343" 0.557197357834005 0.482914594715238 0.644501559484507 0.367690075268896 0.4
"344" 0.465651069870276 0.482914594715238 0.687584621129067 0.367690075268896 0.4
"345" 0.297816208603438 0.55863934001686 0.581000703385091 0.582593750992074 0.4
"346" 0.458022212539965 0.489645683186493 0.455050929971641 0.411958492932452 0.4
"347" 0.458022212539965 0.457555610242136 0.634314561102066 0.455554361630769 0.6
"348" 0.297816208603438 0.953784829136237 0.687584621129067 0.834730898563407 0.8
"349" 0.496166499191519 0.647345470227333 0.272186630814594 0.910434338447749 0.6
"350" 0.427506783218722 0.451580217349049 0.572458774330503 0.352779002199163 0.4
"351" 0.419877925888411 0.310262175427538 0.214431738434153 0.610110441258527 0.6
"352" 0.343589352585303 0.457555610242136 0.530326390109422 0.540845330891464 0.6
"353" 0.31307392326406 0.469933209806388 0.272186630814594 0.582593750992074 0
"354" 0.396991353897479 0.398602507162915 0.623733130621471 0.352779002199163 0.4
"355" 0.519053071182451 0.393899383911697 0.319840808568869 0.307563438634719 0.4
"356" 0.686887932449288 0.155783695012227 0.675952249290013 0.26159621536727 0.4
"357" 0.70214564710991 0.286976816247289 0.37863493978194 0.744148942508205 0.8
"358" 0.297816208603438 1.00216999106922 0.272186630814594 0.677845954908352 0.6
"359" 0.458022212539965 0.451580217349049 0.630832737153846 0.322716987610197 0.4
"360" 0.358847067245925 0.567385014826344 0.403882367947019 0.596383083860693 0.6
"361" 0.786063077743329 0.695457269663521 0.568085569294806 0.610110441258527 0.6
"362" 0.328331637924682 0.243914850639979 0.698742067594601 0.352779002199163 0.4
"363" 0.496166499191519 0.682827922311522 0.620112952084778 0.455554361630769 0.4
"364" 0.595341644485559 0.658791422512555 0.244831871595739 0.650928851778308 0.8
"365" 0.541939643173384 0.636257203951023 0.319840808568869 0.610110441258527 0.6
"366" 0.534310785843073 0.292520949385443 0.616444179098017 0.38252287336719 0.4
"367" 0.534310785843073 0.51087450067276 0.593332997459885 0.411958492932452 0.4
"368" 0.755547648422085 0.367579982640458 0.387312477613158 0.526799427545093 0.4
"369" 0.580083929824937 0.722045369351941 0.651087889840325 0.717793864781918 0.6
"370" 0.618228216476491 0.518318371739373 0.387312477613158 0.554825751101012 0.8
"371" 0.549568500503694 0.445740628839896 0.492379684684304 0.540845330891464 0.6
"372" 0.671630217788667 0.408305793028586 0.395722971472286 0.596383083860693 0.4
"373" 0.648743645797734 0.658791422512555 0.520011223150803 0.526799427545093 0.6
"374" 0.480908784530897 0.413312275629491 0.739308146763018 0.322716987610197 0.4
"375" 0.717403361770532 0.55863934001686 0.403882367947019 0.568741595585681 0.6
"376" 0.374104781906546 0.434450757722199 0.272186630814594 0.375116181696534 0.4
"377" 0.549568500503694 0.595165393632937 0.729717005350148 0.821943784446501 0.6
"378" 0.496166499191519 0.434450757722199 0.690416972731228 0.397278616405206 0.4
"379" 0.297816208603438 0.595165393632937 0.369672842337624 0.38252287336719 0.4
"380" 0.473279927200586 0.49654504886953 0.768340747246527 0.568741595585681 0.4
"381" 0.297816208603438 0.451580217349049 0.272186630814594 0.821943784446501 0.8
"382" 0.450393355209654 0.434450757722199 0.593332997459885 0.38252287336719 0.6
"383" 0.633485931137113 0.46367160061506 0.387312477613158 0.367690075268896 0.4
"384" 0.664001360458356 0.647345470227333 0.411805226558705 0.337788401714266 0.6
"385" 0.480908784530897 0.408305793028586 0.520011223150803 0.677845954908352 0.6
"386" 0.305445065933749 0.682827922311522 0.419504876106379 0.411958492932452 0.6
"387" 0.4122490685581 0.367579982640458 0.709461852663668 0.307563438634719 0.4
"388" 0.664001360458356 0.295359545552178 0.554529758949915 0.397278616405206 0.6
"389" 0.488537641861208 0.576380566058955 0.387312477613158 0.322716987610197 0.4
"390" 0.732661076431153 0.54185709916623 0.230054246593513 0.426563661254057 0.6
"391" 0.519053071182451 0.476345701146904 0.616444179098017 0.352779002199163 0.4
"392" 0.297816208603438 0.489645683186493 0.284901457469243 0.568741595585681 0.4
"393" 0.351218209915614 0.384775324804335 0.589283745862245 0.677845954908352 0.6
"394" 0.458022212539965 0.518318371739373 0.796501462032619 0.426563661254057 0.4
"395" 0.305445065933749 0.54185709916623 0.698742067594601 0.554825751101012 0.4
"396" 0.320702780594371 0.55863934001686 0.520011223150803 0.292326397135553 0.2
"397" 0.305445065933749 0.503619082038213 0.492379684684304 0.568741595585681 0.6
"398" 0.60297050181587 0.567385014826344 0.360406887737286 0.526799427545093 0.6
"399" 0.786063077743329 0.340470208958672 0.369672842337624 0.677845954908352 0.6
"400" 0.519053071182451 0.533801623557928 0.330560593637937 0.650928851778308 0.6
