"citric acid" "chlorides" "total sulfur dioxide" "alcohol" "quality"
"1" 0.777986605215499 0.849256900212316 0.244831871595739 10.9 6
"2" 0.229415733870562 0.50955414012739 0.387312477613158 9.6 5
"3" 0.850696309223401 0.445859872611466 0.576763107126024 9.9 6
"4" 0.802955068546966 0.668789808917199 0.684722610855759 11.4 6
"5" 0 0.318471337579618 0.272186630814594 11.3 6
"6" 0.769483764063866 0.35031847133758 0.284901457469243 12.3 7
"7" 0.617720768121342 0.371549893842888 0.647814563486846 10 5
"8" 0.561951486949016 0.732484076433122 0.308683362103336 10 4
"9" 0.525657483037847 0.138004246284501 0.549857517250152 9.7 6
"10" 0.638666373658505 0.594479830148621 0.608955505619245 10.2 6
"11" 0.725476250110012 0.605095541401275 0.434282501108605 10.03333333 6
"12" 0.777986605215499 0.169851380042463 0.297050990264281 10.2 6
"13" 0.802955068546966 0.50955414012739 0.340875760596556 12.5 7
"14" 0.561951486949016 0.477707006369428 0.593332997459885 10.1 6
"15" 0.678620892538296 0.520169851380044 0.498133991616202 11.1 6
"16" 0.573539334676404 0.743099787685776 0.695995114988196 10.1 5
"17" 0.362738125055006 0.605095541401275 0.549857517250152 9.5 6
"18" 0 0.668789808917199 0.498133991616202 9 6
"19" 0.429197537639476 0.35031847133758 0.520011223150803 9.5 5
"20" 0.53802758684897 0.75371549893843 0.687584621129067 11.3 4
"21" 0.850696309223401 0.498938428874736 0.627305985206233 10.8 7
"22" 0.344123600805843 0.498938428874736 0.330560593637937 11.5 6
"23" 0.725476250110012 0.307855626326965 0.627305985206233 11.1 5
"24" 0 0.552016985138005 0.535341567216398 9.5 5
"25" 0.628280862437543 0.541401273885351 0.50376964454854 11.9 6
"26" 0 0.530785562632697 0.455050929971641 9.8 5
"27" 0.658946527660469 0.498938428874736 0.486501619777147 11.1 6
"28" 1 0.700636942675161 0.525217465965448 11.2 7
"29" 0.794719414239026 1 0.350815746324416 10.5 5
"30" 0.256494588021289 0.382165605095542 0.308683362103336 10.8 6
"31" 0 0.583864118895967 0.59732313378019 9.9 5
"32" 0.324442842261525 0.849256900212316 0.540266375837282 9.6 6
"33" 0.198679853559757 0.488322717622082 0.297050990264281 10.1 4
"34" 0.638666373658505 0.488322717622082 0.520011223150803 9 5
"35" 0.324442842261525 0.360934182590234 0.498133991616202 9.5 6
"36" 0.688247201611685 0.583864118895967 0.581000703385091 10.4 4
"37" 0.162221421130763 0.339702760084926 0.411805226558705 9.5 6
"38" 0.924804388989767 0.488322717622082 0.230054246593513 11 5
"39" 0 0.849256900212316 0.258851328334581 9.7 6
"40" 0.114707866935281 0.467091295116774 0.461637260327459 12.8 6
"41" 0.678620892538296 0.552016985138005 0.568085569294806 10.8 5
"42" 0.769483764063866 0.244161358811041 0.492379684684304 11.1 7
"43" 0.866025403784439 0.764331210191084 0.284901457469243 11.4 6
"44" 0.931891116296093 0.870488322717624 0.44138210764098 11.7 7
"45" 0 0.329087048832272 0.350815746324416 9.2 5
"46" 0.931891116296093 0.626326963906583 0.448301957847447 10.8 7
"47" 0.525657483037847 0.764331210191084 0.492379684684304 9.5 5
"48" 0.617720768121342 0.498938428874736 0.535341567216398 10.3 5
"49" 0.924804388989767 0.435244161358812 0.340875760596556 11.8 6
"50" 0.162221421130763 0.530785562632697 0.455050929971641 10.5 6
"51" 0.397359707119513 1 0.37863493978194 9.8 6
"52" 0.802955068546966 0.541401273885351 0.748574101363356 9.8 5
"53" 0 0.658174097664545 0.419504876106379 9.4 6
"54" 0.945905302926917 0.169851380042463 0.998101624340523 12.3 7
"55" 0.229415733870562 0.445859872611466 0.455050929971641 10 6
"56" 0.229415733870562 0.244161358811041 0.258851328334581 9.5 5
"57" 0.743391941675028 0.254777070063695 0.350815746324416 11.4 5
"58" 0.561951486949016 0.615711252653929 0.530326390109422 10 6
"59" 0.198679853559757 0.467091295116774 0.284901457469243 9.5 5
"60" 0.980064444712425 0.424628450106158 0.657519233243484 12 7
"61" 0.512989176042577 0.45647558386412 0.576763107126024 10.4 6
"62" 0.561951486949016 0.445859872611466 0.753091881638442 9.4 5
"63" 0 1 0.272186630814594 10 5
"64" 0.743391941675028 0.679405520169853 0.244831871595739 12.3 6
"65" 0.743391941675028 0.382165605095542 0.369672842337624 12.7 7
"66" 0.760885910252682 0.477707006369428 0.284901457469243 10.7 5
"67" 0.835085876453812 0.711252653927815 0.258851328334581 12.1 7
"68" 0.561951486949016 0.45647558386412 0.468068603730618 9.4 5
"69" 0.980064444712425 0.339702760084926 0.387312477613158 11.2 6
"70" 0.512989176042577 0.45647558386412 0.576763107126024 10.4 6
"71" 0.584897651865602 0.297239915074311 0.455050929971641 9.6 5
"72" 0.561951486949016 0.488322717622082 0.272186630814594 9.5 5
"73" 0.362738125055006 0.339702760084926 0.581000703385091 9.3 5
"74" 0.525657483037847 0.424628450106158 0.297050990264281 9.5 5
"75" 0.931891116296093 0.944798301486201 0.230054246593513 11.9 6
"76" 0.835085876453812 1 0.480494356340667 12.4 6
"77" 0 0.244161358811041 0.419504876106379 9.5 5
"78" 0.486664263392288 0.371549893842888 0.474352086982109 9.2 6
"79" 0.777986605215499 0.743099787685776 0.258851328334581 11.8 7
"80" 0.162221421130763 0.45647558386412 0.480494356340667 10.8 6
"81" 0 0.445859872611466 0.474352086982109 9.4 5
"82" 0.344123600805843 0.35031847133758 0.258851328334581 11.8 6
"83" 0.573539334676404 0.445859872611466 0.684722610855759 9.2 5
"84" 0.628280862437543 0.360934182590234 0.748574101363356 10.2 5
"85" 0.59603956067927 0.488322717622082 0.612725489302845 9.8 4
"86" 0.910465468000326 0.530785562632697 0.387312477613158 11.2 7
"87" 0.945905302926917 1 0.258851328334581 9.9 7
"88" 0.413585095934256 0.541401273885351 0.403882367947019 9.2 6
"89" 0.769483764063866 0.392781316348196 0.509291438081735 9.4 5
"90" 0 0.50955414012739 0.330560593637937 11.9 6
"91" 0.888523316638639 0.35031847133758 0.426993549585151 10.1 6
"92" 0.769483764063866 0.435244161358812 0.37863493978194 11.9 7
"93" 0.743391941675028 0.392781316348196 0.786773763293056 10.5 5
"94" 0.752189785681919 0.445859872611466 0.693220274061406 10.1 6
"95" 0.707106781186548 0.658174097664545 0.350815746324416 9.4 5
"96" 0.162221421130763 0.339702760084926 0.411805226558705 9.5 6
"97" 0.945905302926917 1 0.616444179098017 9.1 6
"98" 0.550119604220181 0.339702760084926 0.637752587360312 10.1 5
"99" 0.198679853559757 0.106157112526539 0.690416972731228 14 8
"100" 0.280975743474508 0.477707006369428 0.514703881950062 10.1 6
"101" 0.707106781186548 0.339702760084926 0.585173600985152 12.1 7
"102" 0.794719414239026 0.191082802547771 0.244831871595739 12.1 7
"103" 0.584897651865602 0.382165605095542 0.772545745320369 9.4 5
"104" 0.229415733870562 0.902335456475586 0.585173600985152 10.9 6
"105" 0.53802758684897 0.45647558386412 0.461637260327459 10.6 6
"106" 0.802955068546966 0.541401273885351 0.545104015111648 12.7 6
"107" 0.760885910252682 1 0.563641252125576 9.9 4
"108" 0.114707866935281 0.488322717622082 0.525217465965448 10.7 6
"109" 0.162221421130763 0.50955414012739 0.709461852663668 9.7 6
"110" 0 0.329087048832272 0.468068603730618 9.7 5
"111" 0.162221421130763 0.530785562632697 0.455050929971641 10.5 6
"112" 0.162221421130763 0.530785562632697 0.455050929971641 10.5 6
"113" 0.324442842261525 0.35031847133758 0.330560593637937 12.6 5
"114" 0.734488722997519 0.520169851380044 0.605132793183924 9.5 5
"115" 0.835085876453812 0.424628450106158 0.350815746324416 12 7
"116" 0.628280862437543 0.414012738853504 0.637752587360312 9.5 6
"117" 0.628280862437543 0.477707006369428 0.474352086982109 10.5 5
"118" 0.835085876453812 0.668789808917199 0.360406887737286 11.7 7
"119" 0.229415733870562 0.339702760084926 0.369672842337624 9.9 5
"120" 0.550119604220181 0.690021231422507 0.672965121374926 9.4 5
"121" 0.873589088036728 0.382165605095542 0.509291438081735 9 5
"122" 0.794719414239026 0.50955414012739 0.627305985206233 9.2 5
"123" 0.835085876453812 0.424628450106158 0.350815746324416 12 7
"124" 0.53802758684897 0.477707006369428 0.549857517250152 9.6 5
"125" 0.959714869937393 0.679405520169853 0.788747197741294 9 5
"126" 0.512989176042577 0.445859872611466 0.601255856071571 9.3 5
"127" 0.802955068546966 0.647558386411891 0.395722971472286 11.1 5
"128" 0.858395075278952 0.414012738853504 0.230054246593513 11.4 6
"129" 0.743391941675028 0.498938428874736 0.568085569294806 11.4 6
"130" 0.850696309223401 0.498938428874736 0.330560593637937 9.4 5
"131" 0 0.360934182590234 0.403882367947019 11.1 6
"132" 0.945905302926917 0.541401273885351 0.411805226558705 11.8 5
"133" 0.802955068546966 0.636942675159237 0.739308146763018 9.1 5
"134" 0.760885910252682 0.541401273885351 0.387312477613158 9.5 5
"135" 0 0.658174097664545 0.297050990264281 11.5 4
"136" 0.606976978666884 0.360934182590234 0.330560593637937 10.3 5
"137" 0.59603956067927 0.35031847133758 0.530326390109422 12 6
"138" 0.256494588021289 0.116772823779193 0.693220274061406 12.9 8
"139" 0.525657483037847 0.488322717622082 0.480494356340667 9.5 5
"140" 0 0.721868365180468 0.395722971472286 10.7 5
"141" 0.966545666958261 0.955414012738855 0.319840808568869 11.8 7
"142" 0.716350399411379 0.45647558386412 0.308683362103336 11 6
"143" 0.769483764063866 0.435244161358812 0.37863493978194 11.9 7
"144" 0.628280862437543 1 0.535341567216398 9.5 6
"145" 0.59603956067927 0.50955414012739 0.816756614719099 9.4 5
"146" 0.59603956067927 0.647558386411891 0.660679031253195 9.1 6
"147" 0.658946527660469 0.307855626326965 0.426993549585151 11.7 7
"148" 0.617720768121342 0.435244161358812 0.623733130621471 9.5 5
"149" 0.725476250110012 0.191082802547771 0.258851328334581 12.8 7
"150" 0.734488722997519 0.573248407643313 0.330560593637937 9.3 5
"151" 0.429197537639476 0.445859872611466 0.492379684684304 10.7 5
"152" 0.397359707119513 0.91295116772824 0.486501619777147 11.3 7
"153" 0.584897651865602 0.817409766454354 0.601255856071571 10.2 5
"154" 0.162221421130763 0.467091295116774 0.284901457469243 9.95 3
"155" 0.59603956067927 0.615711252653929 0.581000703385091 12.3 7
"156" 0.794719414239026 0.414012738853504 0.68183031419717 9.6 4
"157" 0.777986605215499 0.424628450106158 0.330560593637937 12.3 6
"158" 0.584897651865602 1 0.563641252125576 9.4 5
"159" 0.760885910252682 0.392781316348196 0.630832737153846 9.5 5
"160" 0.802955068546966 0.382165605095542 0.554529758949915 9.6 4
"161" 0.64888568452305 0.35031847133758 0.411805226558705 10.4 5
"162" 0.256494588021289 0.498938428874736 0.486501619777147 10.3 6
"163" 0.162221421130763 0.318471337579618 0.498133991616202 10.75 6
"164" 0.802955068546966 1 0.330560593637937 8.4 3
"165" 0.688247201611685 0.233545647558387 0.50376964454854 11.8 5
"166" 0.752189785681919 0.488322717622082 0.68183031419717 10.1 5
"167" 0.725476250110012 0.50955414012739 0.272186630814594 12.2 6
"168" 0.910465468000326 0.40339702760085 0.419504876106379 12.5 7
"169" 0.397359707119513 1 0.284901457469243 9.2 5
"170" 0.114707866935281 0.488322717622082 0.411805226558705 10.5 5
"171" 0.819178021909125 1 0.623733130621471 9.2 5
"172" 0.760885910252682 0.774946921443738 0.780766499856577 9.5 5
"173" 0.827170191868511 1 0.530326390109422 11.5 6
"174" 0 0.668789808917199 0.308683362103336 10.7 3
"175" 0.938924356574278 0.626326963906583 0.319840808568869 12 6
"176" 0.573539334676404 0.467091295116774 0.59732313378019 10.2 5
"177" 0 0.244161358811041 0.369672842337624 11.8 4
"178" 0.324442842261525 0.392781316348196 0.535341567216398 11 5
"179" 0.162221421130763 0.169851380042463 0.272186630814594 9.5 5
"180" 0.584897651865602 0.658174097664545 0.480494356340667 9.6 5
"181" 0.606976978666884 0.148619957537155 0.554529758949915 12.8 5
"182" 0.5 1 0.608955505619245 11 5
"183" 0.429197537639476 0.45647558386412 0.601255856071571 9.8 5
"184" 0 0.477707006369428 0.581000703385091 11.4 6
"185" 0.324442842261525 0.339702760084926 0.369672842337624 9.4 5
"186" 0.725476250110012 0.796178343949046 0.330560593637937 11.8 7
"187" 0 0.605095541401275 0.308683362103336 11.5 7
"188" 0.606976978666884 1 0.585173600985152 9.3 5
"189" 0.794719414239026 0.307855626326965 0.411805226558705 9.3 6
"190" 0 0.573248407643313 0.498133991616202 9.3 5
"191" 0.786397515657049 0.552016985138005 0.647814563486846 9.1 5
"192" 0.64888568452305 0.339702760084926 0.563641252125576 11.8 6
"193" 0.362738125055006 0.424628450106158 0.448301957847447 10.2 6
"194" 0.512989176042577 0.392781316348196 0.55912347185049 9.2 6
"195" 0.5 0.636942675159237 0.634314561102066 10 6
"196" 0.760885910252682 0.435244161358812 0.403882367947019 9.2 7
"197" 0.114707866935281 0.732484076433122 0.576763107126024 11.3 6
"198" 0.324442842261525 0.445859872611466 0.403882367947019 9 5
"199" 0.280975743474508 0.307855626326965 0.530326390109422 10.3 6
"200" 0.472952651463459 0.658174097664545 0.498133991616202 9.5 5
"201" 0.628280862437543 0.424628450106158 0.581000703385091 10.2 5
"202" 0.777986605215499 0.849256900212316 0.369672842337624 10.5 5
"203" 0.198679853559757 0.435244161358812 0.455050929971641 10.4 6
"204" 0.525657483037847 0.392781316348196 0.434282501108605 9.7 5
"205" 0.668856054059939 0.636942675159237 0.535341567216398 9.7 7
"206" 0.881087844357011 0.562632696390659 0.554529758949915 11 6
"207" 0.606976978666884 0.467091295116774 0.660679031253195 9.8 5
"208" 0.628280862437543 0.520169851380044 0.644501559484507 9.4 5
"209" 0.229415733870562 0.902335456475586 0.585173600985152 10.9 6
"210" 0.344123600805843 0.530785562632697 0.554529758949915 11.1 6
"211" 0.362738125055006 0.541401273885351 0.72726569310106 10.2 5
"212" 0.760885910252682 0.743099787685776 0.340875760596556 11 7
"213" 0.606976978666884 0.700636942675161 0.712077370074614 9.4 5
"214" 0.743391941675028 0.488322717622082 0.426993549585151 9.4 6
"215" 0.561951486949016 0.40339702760085 0.736941729524301 9.4 6
"216" 0.59603956067927 0.392781316348196 0.411805226558705 12 6
"217" 0 0.743099787685776 0.448301957847447 10.7 6
"218" 0.786397515657049 0.891719745222932 0.308683362103336 9.8 6
"219" 0 0.435244161358812 0.585173600985152 9.2 5
"220" 0.550119604220181 0.817409766454354 0.68183031419717 9.3 5
"221" 0.362738125055006 0.498938428874736 0.690416972731228 10 5
"222" 0.198679853559757 0.467091295116774 0.687584621129067 9.7 5
"223" 0 0.424628450106158 0.474352086982109 9.9 6
"224" 0.550119604220181 0.339702760084926 0.284901457469243 9.2 5
"225" 0.573539334676404 0.743099787685776 0.37863493978194 9.6 5
"226" 0.628280862437543 0.329087048832272 0.369672842337624 10 6
"227" 0.734488722997519 0.329087048832272 0.601255856071571 11.4 6
"228" 0.760885910252682 0.286624203821657 0.474352086982109 11.6 7
"229" 0.512989176042577 0.414012738853504 0.530326390109422 9.3 5
"230" 0.162221421130763 0.467091295116774 0.448301957847447 9.8 5
"231" 0.53802758684897 0.435244161358812 0.672965121374926 9.5 6
"232" 0.769483764063866 0.50955414012739 0.319840808568869 9.2 6
"233" 0.550119604220181 0.40339702760085 0.387312477613158 11.2 6
"234" 0.362738125055006 0.435244161358812 0.411805226558705 9.7 6
"235" 0.725476250110012 0.8067940552017 0.403882367947019 12 7
"236" 0.64888568452305 0.562632696390659 0.545104015111648 10.5 7
"237" 0.561951486949016 1 0.319840808568869 9 6
"238" 0.512989176042577 0.668789808917199 0.75532307348755 9.2 5
"239" 0.5 0.445859872611466 0.530326390109422 9.7 5
"240" 0.678620892538296 0.35031847133758 0.589283745862245 10.3 6
"241" 0.573539334676404 0.414012738853504 0.612725489302845 10.5 6
"242" 0.550119604220181 0.106157112526539 0.637752587360312 12.5 6
"243" 0.303488489333442 0.254777070063695 0.545104015111648 10.7 6
"244" 0.842927230423525 0.541401273885351 0.616444179098017 10.5 6
"245" 0.114707866935281 0.424628450106158 0.498133991616202 9.8 5
"246" 0.707106781186548 0.636942675159237 0.601255856071571 10.8 6
"247" 0.688247201611685 0.498938428874736 0.308683362103336 10.9 6
"248" 0.525657483037847 0.573248407643313 0.50376964454854 11.1 6
"249" 0 0.626326963906583 0.662245336305859 9.5 5
"250" 0.198679853559757 0.212314225053079 0.330560593637937 11.5 6
"251" 0.324442842261525 0.127388535031847 0.706821064161799 13 7
"252" 0.835085876453812 0.276008492569003 0.258851328334581 10.9 7
"253" 0.198679853559757 0.45647558386412 0.434282501108605 10 5
"254" 0.786397515657049 0.212314225053079 0.461637260327459 10.6 7
"255" 0.344123600805843 0.583864118895967 0.419504876106379 11.6 6
"256" 0.850696309223401 0.445859872611466 0.576763107126024 9.9 6
"257" 0.162221421130763 0.488322717622082 0.750842325863926 9.7 5
"258" 0 0.318471337579618 0.576763107126024 10.7 6
"259" 0.324442842261525 0.318471337579618 0.474352086982109 9.7 5
"260" 0.413585095934256 0.658174097664545 0.612725489302845 9.1 6
"261" 0.59603956067927 0.8067940552017 0.695995114988196 9.3 5
"262" 0.606976978666884 0.8067940552017 0.802176118815711 9.9 6
"263" 0.811107105653813 0.477707006369428 0.641147904112466 9.7 5
"264" 0 0.955414012738855 0.593332997459885 10.2 5
"265" 0.114707866935281 0.212314225053079 0.426993549585151 12.5 7
"266" 0.256494588021289 0.552016985138005 0.272186630814594 10.9 5
"267" 0.512989176042577 0.445859872611466 0.498133991616202 9.4 5
"268" 0 0.254777070063695 0.258851328334581 10.4 6
"269" 0.114707866935281 0.626326963906583 0.319840808568869 11 7
"270" 0.324442842261525 0.668789808917199 0.695995114988196 9.2 6
"271" 0.638666373658505 0.520169851380044 0.554529758949915 10.3 5
"272" 0.573539334676404 0.498938428874736 0.498133991616202 9 6
"273" 0.344123600805843 0.85987261146497 0.520011223150803 9.5 5
"274" 0.525657483037847 0.488322717622082 0.811379664582877 9.9 5
"275" 0.658946527660469 0.690021231422507 0.498133991616202 10.8 5
"276" 0.752189785681919 0.35031847133758 0.55912347185049 11.9 6
"277" 0.769483764063866 0.902335456475586 0.630832737153846 10.9 6
"278" 0.561951486949016 0.467091295116774 0.37863493978194 10 5
"279" 0.769483764063866 0.488322717622082 0.297050990264281 11.4 6
"280" 0.827170191868511 0.392781316348196 0.480494356340667 9 6
"281" 0.658946527660469 1 0.75973154782889 9.5 5
"282" 0.628280862437543 0.488322717622082 0.666891105102924 9.5 6
"283" 0.59603956067927 0.520169851380044 0.701461686885949 9.8 6
"284" 0 0.45647558386412 0.44138210764098 10 6
"285" 0.786397515657049 0.562632696390659 0.369672842337624 10.5 5
"286" 0.53802758684897 0.636942675159237 0.468068603730618 11 5
"287" 0.550119604220181 0.721868365180468 0.704154511462928 10.1 5
"288" 0.162221421130763 0 0.530326390109422 12.8 6
"289" 0.229415733870562 0.360934182590234 0.308683362103336 9.4 6
"290" 0.716350399411379 0.488322717622082 0.581000703385091 10.9 6
"291" 0.802955068546966 1 0.411805226558705 9.4 6
"292" 0 0.414012738853504 0.387312477613158 9.3 5
"293" 0 0.45647558386412 0.530326390109422 11.2 5
"294" 0.668856054059939 0.169851380042463 0.230054246593513 11 7
"295" 0.573539334676404 0.732484076433122 0.55912347185049 9.2 5
"296" 0.802955068546966 0.477707006369428 0.634314561102066 10.4 6
"297" 0.760885910252682 0.435244161358812 0.403882367947019 9.2 7
"298" 0.256494588021289 0.477707006369428 0.350815746324416 9.3 5
"299" 0.794719414239026 0.700636942675161 0.714668095478314 9.5 5
"300" 0.550119604220181 0.573248407643313 0.714668095478314 9.5 5
"301" 0.802955068546966 0.679405520169853 0.520011223150803 10.3 5
"302" 0.743391941675028 0.382165605095542 0.788747197741294 10.5 5
"303" 0.561951486949016 0.382165605095542 0.486501619777147 9.4 5
"304" 0.760885910252682 0.392781316348196 0.630832737153846 9.5 5
"305" 0.162221421130763 0.50955414012739 0.709461852663668 9.7 6
"306" 0.472952651463459 0.50955414012739 0.563641252125576 10.4 5
"307" 0.280975743474508 0.488322717622082 0.468068603730618 9.6 5
"308" 0.344123600805843 0.477707006369428 0.387312477613158 10.2 5
"309" 0.811107105653813 0.743099787685776 0.297050990264281 11.6 7
"310" 0.716350399411379 0.520169851380044 0.59732313378019 11.5 7
"311" 0.760885910252682 0.679405520169853 0.319840808568869 11.4 6
"312" 0.697740714924361 0.159235668789809 0.746286895684009 12.7 6
"313" 0.198679853559757 0.392781316348196 0.593332997459885 12.7 6
"314" 0.668856054059939 0.562632696390659 0.774624230498018 9.5 5
"315" 0.114707866935281 0.318471337579618 0.525217465965448 11.8 6
"316" 0.561951486949016 0.276008492569003 0.55912347185049 14 8
"317" 0.324442842261525 0.50955414012739 0.743980388462781 9.4 5
"318" 0.561951486949016 0.520169851380044 0.608955505619245 10 6
"319" 0.658946527660469 0.445859872611466 0.545104015111648 11 6
"320" 0.114707866935281 0.318471337579618 0.525217465965448 11.8 6
"321" 0.561951486949016 0.169851380042463 0.714668095478314 11.5 5
"322" 0.561951486949016 0.647558386411891 0.520011223150803 11.7 6
"323" 0.786397515657049 0.297239915074311 0.468068603730618 10 6
"324" 0.931891116296093 0.944798301486201 0.230054246593513 11.9 6
"325" 0.850696309223401 0.392781316348196 0.360406887737286 10.8 6
"326" 0.628280862437543 0.424628450106158 0.403882367947019 11.4 8
"327" 0.472952651463459 0.50955414012739 0.563641252125576 10.4 5
"328" 0.429197537639476 0.35031847133758 0.520011223150803 9.5 5
"329" 0.162221421130763 0.498938428874736 0.690416972731228 9.7 6
"330" 0.162221421130763 0.371549893842888 0.540266375837282 11 5
"331" 0 0.445859872611466 0.535341567216398 10.7 6
"332" 0.769483764063866 0.615711252653929 0.693220274061406 9.4 5
"333" 0.525657483037847 0.573248407643313 0.50376964454854 11.1 6
"334" 0.280975743474508 0.286624203821657 0.455050929971641 11.4 4
"335" 0.638666373658505 0.594479830148621 0.608955505619245 10.2 6
"336" 0.525657483037847 0.371549893842888 0.244831871595739 9.8 6
"337" 0.324442842261525 0.552016985138005 0.44138210764098 9 4
"338" 0.794719414239026 0.371549893842888 0.605132793183924 10.3 6
"339" 0.550119604220181 0.445859872611466 0.709461852663668 9.5 6
"340" 0.550119604220181 0.615711252653929 0.734554644624514 9.2 5
"341" 0.584897651865602 0.382165605095542 0.772545745320369 9.4 5
"342" 0.512989176042577 0.488322717622082 0.768340747246527 9.1 4
"343" 0.668856054059939 0.50955414012739 0.644501559484507 9.5 5
"344" 0.53802758684897 0.50955414012739 0.687584621129067 9.5 5
"345" 0 0.40339702760085 0.581000703385091 11 5
"346" 0.525657483037847 0.498938428874736 0.455050929971641 9.8 5
"347" 0.525657483037847 0.552016985138005 0.634314561102066 10.1 6
"348" 0 0.106157112526539 0.687584621129067 12.9 7
"349" 0.584897651865602 0.307855626326965 0.272186630814594 13.5 6
"350" 0.472952651463459 0.562632696390659 0.572458774330503 9.4 5
"351" 0.458831467741124 0.91295116772824 0.214431738434153 11.2 6
"352" 0.280975743474508 0.552016985138005 0.530326390109422 10.7 6
"353" 0.162221421130763 0.530785562632697 0.272186630814594 11 3
"354" 0.413585095934256 0.668789808917199 0.623733130621471 9.4 5
"355" 0.617720768121342 0.679405520169853 0.319840808568869 9.1 5
"356" 0.819178021909125 1 0.675952249290013 8.8 5
"357" 0.835085876453812 0.997876857749471 0.37863493978194 12.2 7
"358" 0 0.0849256900212316 0.272186630814594 11.7 6
"359" 0.525657483037847 0.562632696390659 0.630832737153846 9.2 5
"360" 0.324442842261525 0.392781316348196 0.403882367947019 11.1 6
"361" 0.917662935482247 0.265392781316349 0.568085569294806 11.2 6
"362" 0.229415733870562 1 0.698742067594601 9.4 5
"363" 0.584897651865602 0.276008492569003 0.620112952084778 10.1 5
"364" 0.716350399411379 0.297239915074311 0.244831871595739 11.5 7
"365" 0.64888568452305 0.318471337579618 0.319840808568869 11.2 6
"366" 0.638666373658505 0.976645435244163 0.616444179098017 9.6 5
"367" 0.638666373658505 0.467091295116774 0.593332997459885 9.8 5
"368" 0.888523316638639 0.743099787685776 0.387312477613158 10.6 5
"369" 0.697740714924361 0.244161358811041 0.651087889840325 12 6
"370" 0.743391941675028 0.45647558386412 0.387312477613158 10.8 7
"371" 0.658946527660469 0.573248407643313 0.492379684684304 10.7 6
"372" 0.802955068546966 0.647558386411891 0.395722971472286 11.1 5
"373" 0.777986605215499 0.297239915074311 0.520011223150803 10.6 6
"374" 0.561951486949016 0.636942675159237 0.739308146763018 9.2 5
"375" 0.850696309223401 0.40339702760085 0.403882367947019 10.9 6
"376" 0.362738125055006 0.594479830148621 0.272186630814594 9.55 5
"377" 0.658946527660469 0.360934182590234 0.729717005350148 12.8 6
"378" 0.584897651865602 0.594479830148621 0.690416972731228 9.7 5
"379" 0 0.360934182590234 0.369672842337624 9.6 5
"380" 0.550119604220181 0.488322717622082 0.768340747246527 10.9 5
"381" 0 0.562632696390659 0.272186630814594 12.8 7
"382" 0.512989176042577 0.594479830148621 0.593332997459885 9.6 6
"383" 0.760885910252682 0.541401273885351 0.387312477613158 9.5 5
"384" 0.794719414239026 0.307855626326965 0.411805226558705 9.3 6
"385" 0.561951486949016 0.647558386411891 0.520011223150803 11.7 6
"386" 0.114707866935281 0.276008492569003 0.419504876106379 9.8 6
"387" 0.444261658319319 0.743099787685776 0.709461852663668 9.1 5
"388" 0.794719414239026 0.966029723991509 0.554529758949915 9.7 6
"389" 0.573539334676404 0.382165605095542 0.387312477613158 9.2 5
"390" 0.866025403784439 0.424628450106158 0.230054246593513 9.9 6
"391" 0.617720768121342 0.520169851380044 0.616444179098017 9.4 5
"392" 0 0.498938428874736 0.284901457469243 10.9 5
"393" 0.303488489333442 0.700636942675161 0.589283745862245 11.7 6
"394" 0.525657483037847 0.45647558386412 0.796501462032619 9.9 5
"395" 0.114707866935281 0.424628450106158 0.698742067594601 10.8 5
"396" 0.198679853559757 0.40339702760085 0.520011223150803 9 4
"397" 0.114707866935281 0.477707006369428 0.492379684684304 10.9 6
"398" 0.725476250110012 0.392781316348196 0.360406887737286 10.6 6
"399" 0.917662935482247 0.817409766454354 0.369672842337624 11.7 6
"400" 0.617720768121342 0.435244161358812 0.330560593637937 11.5 6
