0.648743645797734 0.329870898947747 0.244831871595739 0.568741595585681 0.6 0.547477247920384
0.328331637924682 0.482914594715238 0.387312477613158 0.38252287336719 0.4 0.385611256910065
0.717403361770532 0.525958134149844 0.576763107126024 0.426563661254057 0.6 0.495972167060301
0.671630217788667 0.398602507162915 0.684722610855759 0.637382524161393 0.6 0.613326101606792
0.297816208603438 0.636257203951023 0.272186630814594 0.623776651386266 0.6 0.559332261011634
0.641114788467424 0.604978363261137 0.284901457469243 0.757245469518565 0.8 0.708496522073458
0.519053071182451 0.585636857907004 0.647814563486846 0.441095250497385 0.4 0.477645376624937
0.480908784530897 0.371753609379263 0.308683362103336 0.441095250497385 0.2 0.437419425927365
0.458022212539965 0.888928122715427 0.549857517250152 0.397278616405206 0.6 0.475086373693544
0.534310785843073 0.434450757722199 0.608955505619245 0.469942068436966 0.6 0.479428975619555
0.60297050181587 0.428991918940016 0.434282501108605 0.445922953272902 0.6 0.472762444380468
0.648743645797734 0.831854221065115 0.297050990264281 0.469942068436966 0.6 0.547784867854783
0.671630217788667 0.482914594715238 0.340875760596556 0.783279773215354 0.8 0.716500025727156
0.480908784530897 0.503619082038213 0.593332997459885 0.455554361630769 0.6 0.468664635664258
0.564826215164316 0.476345701146904 0.498133991616202 0.596383083860693 0.6 0.57333486817454
0.488537641861208 0.367579982640458 0.695995114988196 0.455554361630769 0.4 0.45391200623163
0.374104781906546 0.428991918940016 0.549857517250152 0.367690075268896 0.6 0.379685707305037
0.297816208603438 0.398602507162915 0.498133991616202 0.292326397135553 0.6 0.310382293138274
0.404620211227789 0.604978363261137 0.520011223150803 0.367690075268896 0.4 0.407870275793752
0.465651069870276 0.363485853553821 0.687584621129067 0.623776651386266 0.2 0.561364292082155
0.717403361770532 0.489645683186493 0.627305985206233 0.554825751101012 0.8 0.577692526072262
0.366475924576235 0.489645683186493 0.330560593637937 0.650928851778308 0.6 0.572015190631819
0.60297050181587 0.647345470227333 0.627305985206233 0.596383083860693 0.4 0.604734885671064
0.297816208603438 0.457555610242136 0.535341567216398 0.367690075268896 0.4 0.368991715643037
0.526681928512762 0.46367160061506 0.50376964454854 0.70453396381032 0.6 0.636915337520288
0.297816208603438 0.469933209806388 0.455050929971641 0.411958492932452 0.4 0.398943712807957
0.549568500503694 0.489645683186493 0.486501619777147 0.596383083860693 0.6 0.572051841112817
0.877609365707058 0.384775324804335 0.525217465965448 0.610110441258527 0.8 0.62918422428295
0.664001360458356 0.0680401300773092 0.350815746324416 0.512687112197303 0.4 0.480335576355604
0.335960495254992 0.576380566058955 0.308683362103336 0.554825751101012 0.6 0.51311903121611
0.297816208603438 0.440032267038813 0.59732313378019 0.426563661254057 0.4 0.406987164771803
0.358847067245925 0.329870898947747 0.540266375837282 0.38252287336719 0.6 0.373672777545394
0.320702780594371 0.49654504886953 0.297050990264281 0.455554361630769 0.2 0.433367762956086
0.534310785843073 0.49654504886953 0.520011223150803 0.292326397135553 0.4 0.367513106152734
0.358847067245925 0.595165393632937 0.498133991616202 0.367690075268896 0.6 0.397734435932711
0.572455072494627 0.440032267038813 0.581000703385091 0.498507433814019 0.2 0.505908371817406
0.31307392326406 0.615088695605343 0.411805226558705 0.367690075268896 0.6 0.390487360443962
0.793691935073639 0.49654504886953 0.230054246593513 0.582593750992074 0.4 0.605228887612302
0.297816208603438 0.329870898947747 0.258851328334581 0.397278616405206 0.6 0.367842150527768
0.305445065933749 0.51087450067276 0.461637260327459 0.821943784446501 0.6 0.679684324311012
0.564826215164316 0.457555610242136 0.568085569294806 0.554825751101012 0.4 0.544198094550692
0.641114788467424 0.722045369351941 0.492379684684304 0.596383083860693 0.8 0.619505757649569
0.732661076431153 0.3594689721858 0.284901457469243 0.637382524161393 0.6 0.613427000700363
0.80132079240395 0.323109270147675 0.44138210764098 0.677845954908352 0.8 0.650898151539211
0.297816208603438 0.625510115098601 0.350815746324416 0.322716987610197 0.4 0.358026613860431
0.80132079240395 0.418426424522888 0.448301957847447 0.554825751101012 0.8 0.581263025310675
0.458022212539965 0.3594689721858 0.492379684684304 0.367690075268896 0.4 0.385347139843706
0.519053071182451 0.489645683186493 0.535341567216398 0.484259418443762 0.4 0.492223531143091
0.793691935073639 0.533801623557928 0.340875760596556 0.691218230935918 0.6 0.684358384126855
0.31307392326406 0.469933209806388 0.455050929971641 0.512687112197303 0.6 0.469071710861209
0.389362496567168 0.188864347791183 0.37863493978194 0.411958492932452 0.6 0.378128879792053
0.671630217788667 0.46367160061506 0.748574101363356 0.411958492932452 0.4 0.472212267555777
0.297816208603438 0.403403612148534 0.419504876106379 0.352779002199163 0.6 0.350182499888644
0.816578507064572 0.831854221065115 0.998101624340523 0.757245469518565 0.8 0.781728962424864
0.328331637924682 0.525958134149844 0.455050929971641 0.441095250497385 0.6 0.431397455983432
0.328331637924682 0.722045369351941 0.258851328334581 0.367690075268896 0.4 0.404930703395669
0.618228216476491 0.708522111751796 0.350815746324416 0.637382524161393 0.4 0.638692181052202
0.480908784530897 0.423651750566142 0.530326390109422 0.441095250497385 0.6 0.447601432056783
0.320702780594371 0.51087450067276 0.284901457469243 0.367690075268896 0.4 0.376355893016446
0.854722793716126 0.54185709916623 0.657519233243484 0.717793864781918 0.8 0.719392186170858
0.450393355209654 0.518318371739373 0.576763107126024 0.498507433814019 0.6 0.493342024336029
0.480908784530897 0.525958134149844 0.753091881638442 0.352779002199163 0.4 0.405381765171934
0.297816208603438 0.207021064845229 0.272186630814594 0.441095250497385 0.4 0.381286823320148
0.618228216476491 0.393899383911697 0.244831871595739 0.757245469518565 0.6 0.676076912061458
0.618228216476491 0.576380566058955 0.369672842337624 0.809106622342337 0.8 0.736453651883414
0.633485931137113 0.503619082038213 0.284901457469243 0.540845330891464 0.4 0.549291392920628
0.70214564710991 0.38034880107898 0.258851328334581 0.730998630313712 0.8 0.672608800317694
0.480908784530897 0.518318371739373 0.468068603730618 0.352779002199163 0.4 0.400000000000141
0.854722793716126 0.615088695605343 0.387312477613158 0.610110441258527 0.6 0.652856966960994
0.450393355209654 0.518318371739373 0.576763107126024 0.498507433814019 0.6 0.493342024336029
0.496166499191519 0.658791422512555 0.455050929971641 0.38252287336719 0.4 0.440839117195289
0.480908784530897 0.49654504886953 0.272186630814594 0.367690075268896 0.4 0.404106153208794
0.374104781906546 0.615088695605343 0.581000703385091 0.337788401714266 0.4 0.384473846034038
0.458022212539965 0.54185709916623 0.297050990264281 0.367690075268896 0.4 0.406142070089057
0.80132079240395 0.301175205991343 0.230054246593513 0.70453396381032 0.6 0.662612897681821
0.70214564710991 0.132078557352589 0.480494356340667 0.770288865944759 0.6 0.669868245579841
0.297816208603438 0.722045369351941 0.419504876106379 0.367690075268896 0.4 0.40172304107505
0.435135640549033 0.585636857907004 0.474352086982109 0.322716987610197 0.6 0.380280375754747
0.648743645797734 0.367579982640458 0.258851328334581 0.691218230935918 0.8 0.634430044145821
0.31307392326406 0.518318371739373 0.480494356340667 0.554825751101012 0.6 0.503926253690359
0.297816208603438 0.525958134149844 0.474352086982109 0.352779002199163 0.4 0.367018469464532
0.366475924576235 0.604978363261137 0.258851328334581 0.691218230935918 0.6 0.612875791770322
0.488537641861208 0.525958134149844 0.684722610855759 0.322716987610197 0.4 0.385667826933084
0.526681928512762 0.595165393632937 0.748574101363356 0.469942068436966 0.4 0.501128816115974
0.50379535652183 0.49654504886953 0.612725489302845 0.411958492932452 0.2 0.443176498080403
0.778434220413018 0.469933209806388 0.387312477613158 0.610110441258527 0.8 0.619717604094696
0.816578507064572 0.0625788018007552 0.258851328334581 0.426563661254057 0.8 0.449072147116388
0.396991353897479 0.46367160061506 0.403882367947019 0.322716987610197 0.6 0.356181978319937
0.641114788467424 0.567385014826344 0.509291438081735 0.352779002199163 0.4 0.436852629494118
0.297816208603438 0.482914594715238 0.330560593637937 0.70453396381032 0.6 0.594167793891617
0.755547648422085 0.604978363261137 0.426993549585151 0.455554361630769 0.6 0.530444722926587
0.641114788467424 0.533801623557928 0.37863493978194 0.70453396381032 0.8 0.665438483692295
0.618228216476491 0.567385014826344 0.786773763293056 0.512687112197303 0.4 0.543683375157725
0.625857073806802 0.525958134149844 0.693220274061406 0.455554361630769 0.6 0.500092482399293
0.587712787155248 0.403403612148534 0.350815746324416 0.352779002199163 0.4 0.403078035450621
0.31307392326406 0.615088695605343 0.411805226558705 0.367690075268896 0.6 0.390487360443962
0.816578507064572 0.045686500104129 0.616444179098017 0.307563438634719 0.6 0.372874993962384
0.473279927200586 0.615088695605343 0.637752587360312 0.455554361630769 0.4 0.482473914205208
0.320702780594371 0.953784829136237 0.690416972731228 0.972244501101358 1 0.844242454017712
0.343589352585303 0.503619082038213 0.514703881950062 0.455554361630769 0.6 0.441898656801248
0.587712787155248 0.615088695605343 0.585173600985152 0.730998630313712 0.8 0.686963361397708
0.664001360458356 0.797463536737363 0.244831871595739 0.730998630313712 0.8 0.719723614884073
0.496166499191519 0.576380566058955 0.772545745320369 0.352779002199163 0.4 0.415100283595617
0.328331637924682 0.313392980023201 0.585173600985152 0.568741595585681 0.6 0.490931468985357
0.465651069870276 0.518318371739373 0.461637260327459 0.526799427545093 0.6 0.513310026129071
0.671630217788667 0.46367160061506 0.545104015111648 0.809106622342337 0.6 0.7343836516471
0.633485931137113 0.241831732122316 0.563641252125576 0.426563661254057 0.2 0.443076766583979
0.305445065933749 0.49654504886953 0.525217465965448 0.540845330891464 0.6 0.491014120870594
0.31307392326406 0.482914594715238 0.709461852663668 0.397278616405206 0.6 0.397584751756869
0.297816208603438 0.625510115098601 0.468068603730618 0.397278616405206 0.4 0.409638870216953
0.31307392326406 0.469933209806388 0.455050929971641 0.512687112197303 0.6 0.469071710861209
0.31307392326406 0.469933209806388 0.455050929971641 0.512687112197303 0.6 0.469071710861209
0.358847067245925 0.604978363261137 0.330560593637937 0.79621881995559 0.4 0.682701336376223
0.610599359146181 0.476345701146904 0.605132793183924 0.367690075268896 0.4 0.430728973718882
0.70214564710991 0.54185709916623 0.350815746324416 0.717793864781918 0.8 0.686277877408622
0.526681928512762 0.550133272736404 0.637752587360312 0.367690075268896 0.6 0.425241613299285
0.526681928512762 0.503619082038213 0.474352086982109 0.512687112197303 0.4 0.513518624667903
0.70214564710991 0.398602507162915 0.360406887737286 0.677845954908352 0.8 0.641046205248714
0.328331637924682 0.615088695605343 0.369672842337624 0.426563661254057 0.4 0.43200732281581
0.473279927200586 0.389291273251413 0.672965121374926 0.352779002199163 0.4 0.384895569168794
0.740289933761464 0.576380566058955 0.509291438081735 0.292326397135553 0.4 0.416100462264175
0.664001360458356 0.482914594715238 0.627305985206233 0.322716987610197 0.4 0.411823066154442
0.70214564710991 0.54185709916623 0.350815746324416 0.717793864781918 0.8 0.686277877408622
0.465651069870276 0.503619082038213 0.549857517250152 0.38252287336719 0.4 0.416369950561687
0.831836221725193 0.393899383911697 0.788747197741294 0.292326397135553 0.4 0.413625171391456
0.450393355209654 0.525958134149844 0.601255856071571 0.337788401714266 0.4 0.387352734713033
0.671630217788667 0.408305793028586 0.395722971472286 0.596383083860693 0.4 0.582757951856576
0.725032219100842 0.550133272736404 0.230054246593513 0.637382524161393 0.6 0.636043288331881
0.618228216476491 0.489645683186493 0.568085569294806 0.637382524161393 0.6 0.613473423529277
0.717403361770532 0.489645683186493 0.330560593637937 0.352779002199163 0.4 0.438156728055934
0.297816208603438 0.595165393632937 0.403882367947019 0.596383083860693 0.6 0.537696842557422
0.816578507064572 0.46367160061506 0.411805226558705 0.691218230935918 0.4 0.680557669197678
0.671630217788667 0.413312275629491 0.739308146763018 0.307563438634719 0.4 0.395760663943992
0.633485931137113 0.46367160061506 0.387312477613158 0.367690075268896 0.4 0.429983527222238
0.297816208603438 0.403403612148534 0.297050990264281 0.650928851778308 0.2 0.547467742182474
0.51142421385214 0.595165393632937 0.330560593637937 0.484259418443762 0.4 0.501422658036879
0.50379535652183 0.604978363261137 0.530326390109422 0.717793864781918 0.6 0.660361516062471
0.335960495254992 0.931205086900844 0.693220274061406 0.834730898563407 1 0.752317342838311
0.458022212539965 0.49654504886953 0.480494356340667 0.367690075268896 0.4 0.403051407692927
0.297816208603438 0.376009071936476 0.395722971472286 0.540845330891464 0.4 0.47187336846987
0.839465079055504 0.298243925528054 0.319840808568869 0.691218230935918 0.8 0.661815535431953
0.595341644485559 0.518318371739373 0.308683362103336 0.582593750992074 0.6 0.572365036740479
0.641114788467424 0.533801623557928 0.37863493978194 0.70453396381032 0.8 0.665438483692295
0.526681928512762 0.222460056735134 0.535341567216398 0.367690075268896 0.6 0.380907890393135
0.50379535652183 0.482914594715238 0.816756614719099 0.352779002199163 0.4 0.405003814708185
0.50379535652183 0.408305793028586 0.660679031253195 0.307563438634719 0.6 0.362662201676857
0.549568500503694 0.647345470227333 0.426993549585151 0.677845954908352 0.8 0.64613323135604
0.519053071182451 0.533801623557928 0.623733130621471 0.367690075268896 0.4 0.421475015448903
0.60297050181587 0.797463536737363 0.258851328334581 0.821943784446501 0.8 0.769333808604088
0.610599359146181 0.445740628839896 0.330560593637937 0.337788401714266 0.4 0.402536418114553
0.404620211227789 0.525958134149844 0.492379684684304 0.540845330891464 0.4 0.512804416800662
0.389362496567168 0.310262175427538 0.486501619777147 0.623776651386266 0.8 0.537127651688516
0.496166499191519 0.340470208958672 0.601255856071571 0.469942068436966 0.4 0.459947980411767
0.31307392326406 0.51087450067276 0.284901457469243 0.43383858380163 0 0.419124408656828
0.50379535652183 0.423651750566142 0.581000703385091 0.757245469518565 0.8 0.663834047176284
0.664001360458356 0.550133272736404 0.68183031419717 0.38252287336719 0.2 0.461384605027015
0.648743645797734 0.54185709916623 0.330560593637937 0.757245469518565 0.6 0.702382026968699
0.496166499191519 0.0491874251173147 0.563641252125576 0.352779002199163 0.4 0.343092808490545
0.633485931137113 0.567385014826344 0.630832737153846 0.367690075268896 0.4 0.447263493004703
0.671630217788667 0.576380566058955 0.554529758949915 0.38252287336719 0.2 0.464271006873026
0.541939643173384 0.604978363261137 0.411805226558705 0.498507433814019 0.4 0.519150136965867
0.335960495254992 0.489645683186493 0.486501619777147 0.484259418443762 0.6 0.457397056072832
0.31307392326406 0.636257203951023 0.498133991616202 0.547843669180493 0.6 0.514923364251983
0.671630217788667 0.161235876673944 0.330560593637937 0.199069816797818 0 0.284103307395111
0.572455072494627 0.736051600437805 0.50376964454854 0.691218230935918 0.4 0.672081961703216
0.625857073806802 0.49654504886953 0.68183031419717 0.455554361630769 0.4 0.496079131555885
0.60297050181587 0.482914594715238 0.272186630814594 0.744148942508205 0.6 0.676525082055302
0.778434220413018 0.55863934001686 0.419504876106379 0.783279773215354 0.8 0.747468172469542
0.389362496567168 0.208653335368269 0.284901457469243 0.322716987610197 0.4 0.319654319424335
0.305445065933749 0.49654504886953 0.411805226558705 0.512687112197303 0.4 0.470459204693517
0.686887932449288 0.045426283064224 0.623733130621471 0.322716987610197 0.4 0.358939459244358
0.633485931137113 0.355527172712508 0.780766499856577 0.367690075268896 0.4 0.421924683654309
0.694516789779599 0.276392562074448 0.530326390109422 0.650928851778308 0.6 0.608312179003561
0.297816208603438 0.398602507162915 0.308683362103336 0.540845330891464 0 0.47348256214738
0.808949649734261 0.418426424522888 0.319840808568869 0.717793864781918 0.6 0.689571982633536
0.488537641861208 0.51087450067276 0.59732313378019 0.469942068436966 0.4 0.480703808777913
0.297816208603438 0.722045369351941 0.369672842337624 0.691218230935918 0.2 0.617078644686471
0.358847067245925 0.567385014826344 0.535341567216398 0.582593750992074 0.4 0.538241026887094
0.31307392326406 0.831854221065115 0.272186630814594 0.367690075268896 0.4 0.416625265807272
0.496166499191519 0.403403612148534 0.480494356340667 0.38252287336719 0.4 0.407904882557869
0.51142421385214 0.869110795753513 0.554529758949915 0.821943784446501 0.4 0.766194302977163
0.442764497879343 0.215385183985033 0.608955505619245 0.582593750992074 0.4 0.509058673518826
0.404620211227789 0.518318371739373 0.601255856071571 0.411958492932452 0.4 0.427383904456493
0.297816208603438 0.503619082038213 0.581000703385091 0.637382524161393 0.6 0.555864059945164
0.358847067245925 0.615088695605343 0.369672842337624 0.352779002199163 0.4 0.388397119751327
0.60297050181587 0.347860553553444 0.330560593637937 0.691218230935918 0.8 0.624441257812295
0.297816208603438 0.428991918940016 0.308683362103336 0.650928851778308 0.8 0.550985725410109
0.51142421385214 0.0591852590492009 0.585173600985152 0.337788401714266 0.4 0.337554307926383
0.664001360458356 0.647345470227333 0.411805226558705 0.337788401714266 0.6 0.440032373706968
0.297816208603438 0.445740628839896 0.498133991616202 0.337788401714266 0.4 0.346902746870268
0.656372503128045 0.457555610242136 0.647814563486846 0.307563438634719 0.4 0.397286848490217
0.541939643173384 0.615088695605343 0.563641252125576 0.691218230935918 0.6 0.651539352443446
0.374104781906546 0.54185709916623 0.448301957847447 0.469942068436966 0.6 0.46115722692891
0.450393355209654 0.567385014826344 0.55912347185049 0.322716987610197 0.6 0.382042416166576
0.442764497879343 0.413312275629491 0.634314561102066 0.441095250497385 0.6 0.440753020667092
0.633485931137113 0.533801623557928 0.403882367947019 0.322716987610197 0.8 0.409346961001677
0.305445065933749 0.371753609379263 0.576763107126024 0.623776651386266 0.6 0.530922533373027
0.358847067245925 0.525958134149844 0.403882367947019 0.292326397135553 0.4 0.336909368417445
0.343589352585303 0.647345470227333 0.530326390109422 0.484259418443762 0.6 0.480069370949809
0.427506783218722 0.403403612148534 0.498133991616202 0.367690075268896 0.4 0.385489529036929
0.526681928512762 0.54185709916623 0.581000703385091 0.469942068436966 0.4 0.491594615424655
0.648743645797734 0.329870898947747 0.369672842337624 0.512687112197303 0.4 0.511952489811423
0.320702780594371 0.533801623557928 0.455050929971641 0.498507433814019 0.6 0.469353460178735
0.458022212539965 0.567385014826344 0.434282501108605 0.397278616405206 0.4 0.43135005384337
0.557197357834005 0.413312275629491 0.535341567216398 0.397278616405206 0.8 0.431257101934268
0.747918791091775 0.451580217349049 0.554529758949915 0.582593750992074 0.6 0.595834419733699
0.51142421385214 0.51087450067276 0.660679031253195 0.411958492932452 0.4 0.447203876443925
0.526681928512762 0.476345701146904 0.644501559484507 0.352779002199163 0.4 0.405756023358471
0.328331637924682 0.313392980023201 0.585173600985152 0.568741595585681 0.6 0.490931468985357
0.366475924576235 0.469933209806388 0.554529758949915 0.596383083860693 0.6 0.536450996930417
0.374104781906546 0.46367160061506 0.72726569310106 0.469942068436966 0.4 0.455246397243637
0.633485931137113 0.367579982640458 0.340875760596556 0.582593750992074 0.8 0.560289357498846
0.51142421385214 0.384775324804335 0.712077370074614 0.352779002199163 0.4 0.392006972841648
0.618228216476491 0.49654504886953 0.426993549585151 0.352779002199163 0.6 0.422083218470478
0.480908784530897 0.55863934001686 0.736941729524301 0.352779002199163 0.6 0.409397892380376
0.50379535652183 0.567385014826344 0.411805226558705 0.717793864781918 0.6 0.653632593576589
0.297816208603438 0.367579982640458 0.448301957847447 0.540845330891464 0.6 0.471582337717003
0.656372503128045 0.316576849103537 0.308683362103336 0.411958492932452 0.6 0.443410861623797
0.297816208603438 0.533801623557928 0.585173600985152 0.322716987610197 0.4 0.349664938335686
0.473279927200586 0.340470208958672 0.68183031419717 0.337788401714266 0.4 0.368647299754572
0.374104781906546 0.489645683186493 0.690416972731228 0.441095250497385 0.4 0.438798720959594
0.320702780594371 0.51087450067276 0.687584621129067 0.397278616405206 0.4 0.402316484523945
0.297816208603438 0.54185709916623 0.474352086982109 0.426563661254057 0.6 0.418382520463817
0.473279927200586 0.615088695605343 0.284901457469243 0.322716987610197 0.4 0.388307997410382
0.488537641861208 0.367579982640458 0.37863493978194 0.38252287336719 0.4 0.400243422385876
0.526681928512762 0.625510115098601 0.369672842337624 0.441095250497385 0.6 0.479989268474545
0.610599359146181 0.625510115098601 0.601255856071571 0.637382524161393 0.6 0.630292930690499
0.633485931137113 0.670612651921883 0.474352086982109 0.664416409246578 0.8 0.656544546171741
0.450393355209654 0.550133272736404 0.530326390109422 0.337788401714266 0.4 0.389416166861881
0.31307392326406 0.51087450067276 0.448301957847447 0.411958492932452 0.4 0.407021924076605
0.465651069870276 0.533801623557928 0.672965121374926 0.367690075268896 0.6 0.412293834770719
0.641114788467424 0.482914594715238 0.319840808568869 0.322716987610197 0.6 0.402833577460046
0.473279927200586 0.55863934001686 0.387312477613158 0.610110441258527 0.6 0.574501049464434
0.374104781906546 0.533801623557928 0.411805226558705 0.397278616405206 0.6 0.411004188895514
0.60297050181587 0.344131788780627 0.403882367947019 0.717793864781918 0.8 0.642835653807048
0.541939643173384 0.451580217349049 0.545104015111648 0.512687112197303 0.8 0.510656104824454
0.480908784530897 0.135518949012926 0.319840808568869 0.292326397135553 0.6 0.307384629042406
0.450393355209654 0.398602507162915 0.75532307348755 0.322716987610197 0.4 0.36303628700054
0.442764497879343 0.525958134149844 0.530326390109422 0.397278616405206 0.4 0.424582206836257
0.564826215164316 0.604978363261137 0.589283745862245 0.484259418443762 0.6 0.516621974535097
0.488537641861208 0.550133272736404 0.612725489302845 0.512687112197303 0.6 0.514618060185199
0.473279927200586 0.953784829136237 0.637752587360312 0.783279773215354 0.6 0.745596578470032
0.351218209915614 0.708522111751796 0.545104015111648 0.540845330891464 0.6 0.5274998117692
0.709774504440221 0.46367160061506 0.616444179098017 0.512687112197303 0.6 0.544566944164115
0.305445065933749 0.54185709916623 0.498133991616202 0.411958492932452 0.4 0.410411684777834
0.587712787155248 0.413312275629491 0.601255856071571 0.554825751101012 0.6 0.54319445026678
0.572455072494627 0.489645683186493 0.308683362103336 0.568741595585681 0.6 0.555110664799516
0.458022212539965 0.445740628839896 0.50376964454854 0.596383083860693 0.6 0.549550750570052
0.297816208603438 0.418426424522888 0.662245336305859 0.367690075268896 0.4 0.365838042461552
0.320702780594371 0.765620310507962 0.330560593637937 0.650928851778308 0.6 0.599508455639636
0.358847067245925 0.909607072588729 0.706821064161799 0.84746854553169 0.8 0.762476596686346
0.70214564710991 0.682827922311522 0.258851328334581 0.568741595585681 0.8 0.603689008058234
0.320702780594371 0.518318371739373 0.434282501108605 0.441095250497385 0.4 0.428661238626364
0.656372503128045 0.765620310507962 0.461637260327459 0.526799427545093 0.8 0.581075467174728
0.366475924576235 0.440032267038813 0.419504876106379 0.664416409246578 0.6 0.575919364682556
0.717403361770532 0.525958134149844 0.576763107126024 0.426563661254057 0.6 0.495972167060301
0.31307392326406 0.49654504886953 0.750842325863926 0.397278616405206 0.4 0.400000000000153
0.297816208603438 0.636257203951023 0.576763107126024 0.540845330891464 0.6 0.508618408777745
0.358847067245925 0.636257203951023 0.474352086982109 0.397278616405206 0.4 0.422496299361197
0.396991353897479 0.403403612148534 0.612725489302845 0.307563438634719 0.6 0.341407639172515
0.50379535652183 0.344131788780627 0.695995114988196 0.337788401714266 0.4 0.375022200084796
0.51142421385214 0.344131788780627 0.802176118815711 0.426563661254057 0.6 0.437378864889998
0.679259075118978 0.503619082038213 0.641147904112466 0.397278616405206 0.4 0.467385759832075
0.297816208603438 0.298243925528054 0.593332997459885 0.469942068436966 0.4 0.417401263320707
0.305445065933749 0.765620310507962 0.426993549585151 0.783279773215354 0.8 0.686565037898329
0.335960495254992 0.457555610242136 0.272186630814594 0.568741595585681 0.4 0.506348058625028
0.450393355209654 0.525958134149844 0.498133991616202 0.352779002199163 0.4 0.395780261672141
0.297816208603438 0.708522111751796 0.258851328334581 0.498507433814019 0.6 0.484875049811684
0.305445065933749 0.418426424522888 0.319840808568869 0.582593750992074 0.8 0.505549481942139
0.358847067245925 0.398602507162915 0.695995114988196 0.322716987610197 0.6 0.345086018743274
0.534310785843073 0.476345701146904 0.554529758949915 0.484259418443762 0.4 0.493622798298301
0.488537641861208 0.489645683186493 0.498133991616202 0.292326397135553 0.6 0.357757463674267
0.366475924576235 0.326460686161624 0.520011223150803 0.367690075268896 0.4 0.364427407261756
0.458022212539965 0.49654504886953 0.811379664582877 0.426563661254057 0.4 0.447470348687333
0.549568500503694 0.389291273251413 0.498133991616202 0.554825751101012 0.4 0.5313745126385
0.625857073806802 0.604978363261137 0.55912347185049 0.70453396381032 0.6 0.674663441222304
0.641114788467424 0.313392980023201 0.630832737153846 0.568741595585681 0.6 0.549845547921993
0.480908784530897 0.51087450067276 0.37863493978194 0.441095250497385 0.4 0.456649516174715
0.641114788467424 0.49654504886953 0.297050990264281 0.637382524161393 0.6 0.614463468916961
0.694516789779599 0.567385014826344 0.480494356340667 0.292326397135553 0.6 0.405964831445978
0.549568500503694 0.127942767377929 0.75973154782889 0.367690075268896 0.4 0.376285735177833
0.526681928512762 0.49654504886953 0.666891105102924 0.367690075268896 0.6 0.418697136029255
0.50379535652183 0.476345701146904 0.701461686885949 0.411958492932452 0.6 0.441905810488908
0.297816208603438 0.518318371739373 0.44138210764098 0.441095250497385 0.6 0.42451107118555
0.656372503128045 0.451580217349049 0.369672842337624 0.512687112197303 0.4 0.529254185409675
0.465651069870276 0.413312275629491 0.468068603730618 0.582593750992074 0.4 0.536978221086142
0.473279927200586 0.376009071936476 0.704154511462928 0.455554361630769 0.4 0.452297854490104
0.31307392326406 1.25263435872232 0.530326390109422 0.821943784446501 0.6 0.778953396943133
0.328331637924682 0.595165393632937 0.308683362103336 0.352779002199163 0.6 0.379179861280948
0.595341644485559 0.49654504886953 0.581000703385091 0.568741595585681 0.6 0.564459733945824
0.671630217788667 0.199146075479683 0.411805226558705 0.352779002199163 0.6 0.39298041815219
0.297816208603438 0.550133272736404 0.387312477613158 0.337788401714266 0.4 0.358820087980664
0.297816208603438 0.518318371739373 0.530326390109422 0.610110441258527 0.4 0.538784385259714
0.557197357834005 0.831854221065115 0.230054246593513 0.582593750992074 0.8 0.604969833013351
0.488537641861208 0.371753609379263 0.55912347185049 0.322716987610197 0.4 0.363613375020071
0.671630217788667 0.503619082038213 0.634314561102066 0.498507433814019 0.6 0.533483384181294
0.633485931137113 0.533801623557928 0.403882367947019 0.322716987610197 0.8 0.409346961001677
0.335960495254992 0.503619082038213 0.350815746324416 0.337788401714266 0.4 0.359287941510799
0.664001360458356 0.384775324804335 0.714668095478314 0.367690075268896 0.4 0.430403602773594
0.473279927200586 0.445740628839896 0.714668095478314 0.367690075268896 0.4 0.40286408160356
0.671630217788667 0.393899383911697 0.520011223150803 0.484259418443762 0.4 0.507889639325132
0.618228216476491 0.576380566058955 0.788747197741294 0.512687112197303 0.4 0.544887568025442
0.480908784530897 0.576380566058955 0.486501619777147 0.352779002199163 0.4 0.407860136562831
0.633485931137113 0.567385014826344 0.630832737153846 0.367690075268896 0.4 0.447263493004703
0.31307392326406 0.482914594715238 0.709461852663668 0.397278616405206 0.6 0.397584751756869
0.427506783218722 0.482914594715238 0.563641252125576 0.498507433814019 0.4 0.484260912799518
0.343589352585303 0.49654504886953 0.468068603730618 0.38252287336719 0.4 0.391471859996941
0.366475924576235 0.503619082038213 0.387312477613158 0.469942068436966 0.4 0.453809462776871
0.679259075118978 0.367579982640458 0.297050990264281 0.664416409246578 0.8 0.622792834098998
0.595341644485559 0.476345701146904 0.59732313378019 0.650928851778308 0.8 0.6169774840799
0.633485931137113 0.393899383911697 0.319840808568869 0.637382524161393 0.6 0.600000000000307
0.580083929824937 0.850102339279841 0.746286895684009 0.809106622342337 0.6 0.770866635780494
0.320702780594371 0.567385014826344 0.593332997459885 0.809106622342337 0.6 0.683348588921651
0.557197357834005 0.451580217349049 0.774624230498018 0.367690075268896 0.4 0.420166227803445
0.305445065933749 0.636257203951023 0.525217465965448 0.691218230935918 0.6 0.609696834386478
0.480908784530897 0.682827922311522 0.55912347185049 0.972244501101358 1 0.836681055906092
0.358847067245925 0.482914594715238 0.743980388462781 0.352779002199163 0.4 0.376908081391843
0.480908784530897 0.476345701146904 0.608955505619245 0.441095250497385 0.6 0.455687131906981
0.549568500503694 0.525958134149844 0.545104015111648 0.582593750992074 0.6 0.568480312249545
0.305445065933749 0.636257203951023 0.525217465965448 0.691218230935918 0.6 0.609696834386478
0.480908784530897 0.831854221065115 0.714668095478314 0.650928851778308 0.4 0.643876248410757
0.480908784530897 0.408305793028586 0.520011223150803 0.677845954908352 0.6 0.603593678556117
0.656372503128045 0.658791422512555 0.468068603730618 0.441095250497385 0.6 0.509982436175809
0.80132079240395 0.301175205991343 0.230054246593513 0.70453396381032 0.6 0.662612897681821
0.717403361770532 0.567385014826344 0.360406887737286 0.554825751101012 0.6 0.583730739812548
0.526681928512762 0.54185709916623 0.403882367947019 0.637382524161393 1 0.600722824898537
0.427506783218722 0.482914594715238 0.563641252125576 0.498507433814019 0.4 0.484260912799518
0.404620211227789 0.604978363261137 0.520011223150803 0.367690075268896 0.4 0.407870275793752
0.31307392326406 0.489645683186493 0.690416972731228 0.397278616405206 0.6 0.398170104411043
0.31307392326406 0.585636857907004 0.540266375837282 0.582593750992074 0.4 0.532179703442317
0.297816208603438 0.525958134149844 0.535341567216398 0.540845330891464 0.6 0.49358820116194
0.641114788467424 0.423651750566142 0.693220274061406 0.352779002199163 0.4 0.420926410781076
0.458022212539965 0.445740628839896 0.50376964454854 0.596383083860693 0.6 0.549550750570052
0.343589352585303 0.670612651921883 0.455050929971641 0.637382524161393 0.2 0.584236264016897
0.534310785843073 0.434450757722199 0.608955505619245 0.469942068436966 0.6 0.479428975619555
0.458022212539965 0.585636857907004 0.244831871595739 0.411958492932452 0.6 0.440623605274207
0.358847067245925 0.457555610242136 0.44138210764098 0.292326397135553 0.2 0.328560397558209
0.664001360458356 0.585636857907004 0.605132793183924 0.484259418443762 0.6 0.532799270726117
0.473279927200586 0.525958134149844 0.709461852663668 0.367690075268896 0.6 0.413251603236996
0.473279927200586 0.423651750566142 0.734554644624514 0.322716987610197 0.4 0.370244856938802
0.496166499191519 0.576380566058955 0.772545745320369 0.352779002199163 0.4 0.415100283595617
0.450393355209654 0.49654504886953 0.768340747246527 0.307563438634719 0.2 0.365894291361694
0.557197357834005 0.482914594715238 0.644501559484507 0.367690075268896 0.4 0.422253233055797
0.465651069870276 0.482914594715238 0.687584621129067 0.367690075268896 0.4 0.405878474368896
0.297816208603438 0.55863934001686 0.581000703385091 0.582593750992074 0.4 0.5264438576963
0.458022212539965 0.489645683186493 0.455050929971641 0.411958492932452 0.4 0.431331725064298
0.458022212539965 0.457555610242136 0.634314561102066 0.455554361630769 0.6 0.45902487288518
0.297816208603438 0.953784829136237 0.687584621129067 0.834730898563407 0.8 0.748078101055923
0.496166499191519 0.647345470227333 0.272186630814594 0.910434338447749 0.6 0.789186016505438
0.427506783218722 0.451580217349049 0.572458774330503 0.352779002199163 0.4 0.382958693350941
0.419877925888411 0.310262175427538 0.214431738434153 0.610110441258527 0.6 0.529492007737792
0.343589352585303 0.457555610242136 0.530326390109422 0.540845330891464 0.6 0.49310395130054
0.31307392326406 0.469933209806388 0.272186630814594 0.582593750992074 0 0.51295729953985
0.396991353897479 0.398602507162915 0.623733130621471 0.352779002199163 0.4 0.371155238567484
0.519053071182451 0.393899383911697 0.319840808568869 0.307563438634719 0.4 0.358378379532724
0.686887932449288 0.155783695012227 0.675952249290013 0.26159621536727 0.4 0.333313691930412
0.70214564710991 0.286976816247289 0.37863493978194 0.744148942508205 0.8 0.671052052957317
0.297816208603438 1.00216999106922 0.272186630814594 0.677845954908352 0.6 0.643199572446895
0.458022212539965 0.451580217349049 0.630832737153846 0.322716987610197 0.4 0.369453984900555
0.358847067245925 0.567385014826344 0.403882367947019 0.596383083860693 0.6 0.545430140291511
0.786063077743329 0.695457269663521 0.568085569294806 0.610110441258527 0.6 0.65334717398306
0.328331637924682 0.243914850639979 0.698742067594601 0.352779002199163 0.4 0.339345766150245
0.496166499191519 0.682827922311522 0.620112952084778 0.455554361630769 0.4 0.495301251626056
0.595341644485559 0.658791422512555 0.244831871595739 0.650928851778308 0.8 0.635362112604807
0.541939643173384 0.636257203951023 0.319840808568869 0.610110441258527 0.6 0.596369607491713
0.534310785843073 0.292520949385443 0.616444179098017 0.38252287336719 0.4 0.402626216406121
0.534310785843073 0.51087450067276 0.593332997459885 0.411958492932452 0.4 0.450427202001937
0.755547648422085 0.367579982640458 0.387312477613158 0.526799427545093 0.4 0.546448947119968
0.580083929824937 0.722045369351941 0.651087889840325 0.717793864781918 0.6 0.691693418258623
0.618228216476491 0.518318371739373 0.387312477613158 0.554825751101012 0.8 0.559284581103809
0.549568500503694 0.445740628839896 0.492379684684304 0.540845330891464 0.6 0.529312932140643
0.671630217788667 0.408305793028586 0.395722971472286 0.596383083860693 0.4 0.582757951856576
0.648743645797734 0.658791422512555 0.520011223150803 0.526799427545093 0.6 0.566613560640868
0.480908784530897 0.413312275629491 0.739308146763018 0.322716987610197 0.4 0.370388579670429
0.717403361770532 0.55863934001686 0.403882367947019 0.568741595585681 0.6 0.592554364978534
0.374104781906546 0.434450757722199 0.272186630814594 0.375116181696534 0.4 0.381087058044195
0.549568500503694 0.595165393632937 0.729717005350148 0.821943784446501 0.6 0.740241148185505
0.496166499191519 0.434450757722199 0.690416972731228 0.397278616405206 0.4 0.425042808309632
0.297816208603438 0.595165393632937 0.369672842337624 0.38252287336719 0.4 0.394308353292077
0.473279927200586 0.49654504886953 0.768340747246527 0.568741595585681 0.4 0.544625065222027
0.297816208603438 0.451580217349049 0.272186630814594 0.821943784446501 0.8 0.66761264983697
0.450393355209654 0.434450757722199 0.593332997459885 0.38252287336719 0.6 0.40517338924811
0.633485931137113 0.46367160061506 0.387312477613158 0.367690075268896 0.4 0.429983527222238
0.664001360458356 0.647345470227333 0.411805226558705 0.337788401714266 0.6 0.440032373706968
0.480908784530897 0.408305793028586 0.520011223150803 0.677845954908352 0.6 0.603593678556117
0.305445065933749 0.682827922311522 0.419504876106379 0.411958492932452 0.6 0.42759738126469
0.4122490685581 0.367579982640458 0.709461852663668 0.307563438634719 0.4 0.341060801296677
0.664001360458356 0.295359545552178 0.554529758949915 0.397278616405206 0.6 0.436037745023483
0.488537641861208 0.576380566058955 0.387312477613158 0.322716987610197 0.4 0.387672059874326
0.732661076431153 0.54185709916623 0.230054246593513 0.426563661254057 0.6 0.495552590758118
0.519053071182451 0.476345701146904 0.616444179098017 0.352779002199163 0.4 0.403904587212325
0.297816208603438 0.489645683186493 0.284901457469243 0.568741595585681 0.4 0.50363213090759
0.351218209915614 0.384775324804335 0.589283745862245 0.677845954908352 0.6 0.577452340956349
0.458022212539965 0.518318371739373 0.796501462032619 0.426563661254057 0.4 0.450082669637902
0.305445065933749 0.54185709916623 0.698742067594601 0.554825751101012 0.4 0.508935597681978
0.320702780594371 0.55863934001686 0.520011223150803 0.292326397135553 0.2 0.335861517911551
0.305445065933749 0.503619082038213 0.492379684684304 0.568741595585681 0.6 0.510067204250794
0.60297050181587 0.567385014826344 0.360406887737286 0.526799427545093 0.6 0.543711740776617
0.786063077743329 0.340470208958672 0.369672842337624 0.677845954908352 0.6 0.649220806660038
0.519053071182451 0.533801623557928 0.330560593637937 0.650928851778308 0.6 0.606173044639526
