0.648743645797734 0.329870898947747 0.244831871595739 0.568741595585681 0.6 0.540501930979842
0.328331637924682 0.482914594715238 0.387312477613158 0.38252287336719 0.4 0.383938125095707
0.717403361770532 0.525958134149844 0.576763107126024 0.426563661254057 0.6 0.491681728828882
0.671630217788667 0.398602507162915 0.684722610855759 0.637382524161393 0.6 0.611506289009477
0.297816208603438 0.636257203951023 0.272186630814594 0.623776651386266 0.6 0.545520215655881
0.641114788467424 0.604978363261137 0.284901457469243 0.757245469518565 0.8 0.701737547673126
0.519053071182451 0.585636857907004 0.647814563486846 0.441095250497385 0.4 0.477130121466298
0.480908784530897 0.371753609379263 0.308683362103336 0.441095250497385 0.2 0.436018783496771
0.458022212539965 0.888928122715427 0.549857517250152 0.397278616405206 0.6 0.46374819598421
0.534310785843073 0.434450757722199 0.608955505619245 0.469942068436966 0.6 0.480183321644261
0.60297050181587 0.428991918940016 0.434282501108605 0.445922953272902 0.6 0.471223076604469
0.648743645797734 0.831854221065115 0.297050990264281 0.469942068436966 0.6 0.537904874210492
0.671630217788667 0.482914594715238 0.340875760596556 0.783279773215354 0.8 0.708610910906787
0.480908784530897 0.503619082038213 0.593332997459885 0.455554361630769 0.6 0.469241474233438
0.564826215164316 0.476345701146904 0.498133991616202 0.596383083860693 0.6 0.572266319179079
0.488537641861208 0.367579982640458 0.695995114988196 0.455554361630769 0.4 0.45495065340864
0.374104781906546 0.428991918940016 0.549857517250152 0.367690075268896 0.6 0.380203893837905
0.297816208603438 0.398602507162915 0.498133991616202 0.292326397135553 0.6 0.310087813880311
0.404620211227789 0.604978363261137 0.520011223150803 0.367690075268896 0.4 0.404771590095649
0.465651069870276 0.363485853553821 0.687584621129067 0.623776651386266 0.2 0.557886312844175
0.717403361770532 0.489645683186493 0.627305985206233 0.554825751101012 0.8 0.576875109975081
0.366475924576235 0.489645683186493 0.330560593637937 0.650928851778308 0.6 0.562498693631352
0.60297050181587 0.647345470227333 0.627305985206233 0.596383083860693 0.4 0.60464151326465
0.297816208603438 0.457555610242136 0.535341567216398 0.367690075268896 0.4 0.368032145234342
0.526681928512762 0.46367160061506 0.50376964454854 0.70453396381032 0.6 0.632024858536233
0.297816208603438 0.469933209806388 0.455050929971641 0.411958492932452 0.4 0.396873377202791
0.549568500503694 0.489645683186493 0.486501619777147 0.596383083860693 0.6 0.570886484341028
0.877609365707058 0.384775324804335 0.525217465965448 0.610110441258527 0.8 0.622354233731997
0.664001360458356 0.0680401300773092 0.350815746324416 0.512687112197303 0.4 0.454906955306688
0.335960495254992 0.576380566058955 0.308683362103336 0.554825751101012 0.6 0.505742517977106
0.297816208603438 0.440032267038813 0.59732313378019 0.426563661254057 0.4 0.405675164203628
0.358847067245925 0.329870898947747 0.540266375837282 0.38252287336719 0.6 0.3744804645887
0.320702780594371 0.49654504886953 0.297050990264281 0.455554361630769 0.2 0.429304766030426
0.534310785843073 0.49654504886953 0.520011223150803 0.292326397135553 0.4 0.36163415354819
0.358847067245925 0.595165393632937 0.498133991616202 0.367690075268896 0.6 0.394483829652751
0.572455072494627 0.440032267038813 0.581000703385091 0.498507433814019 0.2 0.506230075966048
0.31307392326406 0.615088695605343 0.411805226558705 0.367690075268896 0.6 0.385351721019266
0.793691935073639 0.49654504886953 0.230054246593513 0.582593750992074 0.4 0.598157538471002
0.297816208603438 0.329870898947747 0.258851328334581 0.397278616405206 0.6 0.365427940668034
0.305445065933749 0.51087450067276 0.461637260327459 0.821943784446501 0.6 0.656890019704034
0.564826215164316 0.457555610242136 0.568085569294806 0.554825751101012 0.4 0.544216385559596
0.641114788467424 0.722045369351941 0.492379684684304 0.596383083860693 0.8 0.617401599855651
0.732661076431153 0.3594689721858 0.284901457469243 0.637382524161393 0.6 0.605398998595069
0.80132079240395 0.323109270147675 0.44138210764098 0.677845954908352 0.8 0.641740334054773
0.297816208603438 0.625510115098601 0.350815746324416 0.322716987610197 0.4 0.351044274906202
0.80132079240395 0.418426424522888 0.448301957847447 0.554825751101012 0.8 0.576256514282498
0.458022212539965 0.3594689721858 0.492379684684304 0.367690075268896 0.4 0.385622764277349
0.519053071182451 0.489645683186493 0.535341567216398 0.484259418443762 0.4 0.492565116970445
0.793691935073639 0.533801623557928 0.340875760596556 0.691218230935918 0.6 0.679315626258501
0.31307392326406 0.469933209806388 0.455050929971641 0.512687112197303 0.6 0.464748578844131
0.389362496567168 0.188864347791183 0.37863493978194 0.411958492932452 0.6 0.374249359083498
0.671630217788667 0.46367160061506 0.748574101363356 0.411958492932452 0.4 0.469789509078514
0.297816208603438 0.403403612148534 0.419504876106379 0.352779002199163 0.6 0.349622724203596
0.816578507064572 0.831854221065115 0.998101624340523 0.757245469518565 0.8 0.782780948273069
0.328331637924682 0.525958134149844 0.455050929971641 0.441095250497385 0.6 0.428897159074952
0.328331637924682 0.722045369351941 0.258851328334581 0.367690075268896 0.4 0.394991696426222
0.618228216476491 0.708522111751796 0.350815746324416 0.637382524161393 0.4 0.634878755875538
0.480908784530897 0.423651750566142 0.530326390109422 0.441095250497385 0.6 0.44821120293472
0.320702780594371 0.51087450067276 0.284901457469243 0.367690075268896 0.4 0.37307316737346
0.854722793716126 0.54185709916623 0.657519233243484 0.717793864781918 0.8 0.717343038912863
0.450393355209654 0.518318371739373 0.576763107126024 0.498507433814019 0.6 0.493431524619369
0.480908784530897 0.525958134149844 0.753091881638442 0.352779002199163 0.4 0.403943365866737
0.297816208603438 0.207021064845229 0.272186630814594 0.441095250497385 0.4 0.374785479641662
0.618228216476491 0.393899383911697 0.244831871595739 0.757245469518565 0.6 0.664491918657423
0.618228216476491 0.576380566058955 0.369672842337624 0.809106622342337 0.8 0.728910711201648
0.633485931137113 0.503619082038213 0.284901457469243 0.540845330891464 0.4 0.546014713669063
0.70214564710991 0.38034880107898 0.258851328334581 0.730998630313712 0.8 0.662229186576206
0.480908784530897 0.518318371739373 0.468068603730618 0.352779002199163 0.4 0.397734947463373
0.854722793716126 0.615088695605343 0.387312477613158 0.610110441258527 0.6 0.647811588657487
0.450393355209654 0.518318371739373 0.576763107126024 0.498507433814019 0.6 0.493431524619369
0.496166499191519 0.658791422512555 0.455050929971641 0.38252287336719 0.4 0.435999684935808
0.480908784530897 0.49654504886953 0.272186630814594 0.367690075268896 0.4 0.40096639306988
0.374104781906546 0.615088695605343 0.581000703385091 0.337788401714266 0.4 0.380306572521037
0.458022212539965 0.54185709916623 0.297050990264281 0.367690075268896 0.4 0.402678632220207
0.80132079240395 0.301175205991343 0.230054246593513 0.70453396381032 0.6 0.648002007527138
0.70214564710991 0.132078557352589 0.480494356340667 0.770288865944759 0.6 0.64183846279585
0.297816208603438 0.722045369351941 0.419504876106379 0.367690075268896 0.4 0.392561238494335
0.435135640549033 0.585636857907004 0.474352086982109 0.322716987610197 0.6 0.375722337472058
0.648743645797734 0.367579982640458 0.258851328334581 0.691218230935918 0.8 0.625217634604835
0.31307392326406 0.518318371739373 0.480494356340667 0.554825751101012 0.6 0.497869716182737
0.297816208603438 0.525958134149844 0.474352086982109 0.352779002199163 0.4 0.36431228993002
0.366475924576235 0.604978363261137 0.258851328334581 0.691218230935918 0.6 0.59999999999961
0.488537641861208 0.525958134149844 0.684722610855759 0.322716987610197 0.4 0.382578499978592
0.526681928512762 0.595165393632937 0.748574101363356 0.469942068436966 0.4 0.501366821446349
0.50379535652183 0.49654504886953 0.612725489302845 0.411958492932452 0.2 0.443304809327404
0.778434220413018 0.469933209806388 0.387312477613158 0.610110441258527 0.8 0.615392317220529
0.816578507064572 0.0625788018007552 0.258851328334581 0.426563661254057 0.8 0.417650236644923
0.396991353897479 0.46367160061506 0.403882367947019 0.322716987610197 0.6 0.354664307961629
0.641114788467424 0.567385014826344 0.509291438081735 0.352779002199163 0.4 0.430006427534237
0.297816208603438 0.482914594715238 0.330560593637937 0.70453396381032 0.6 0.577175081979032
0.755547648422085 0.604978363261137 0.426993549585151 0.455554361630769 0.6 0.524215463331747
0.641114788467424 0.533801623557928 0.37863493978194 0.70453396381032 0.8 0.66131086501159
0.618228216476491 0.567385014826344 0.786773763293056 0.512687112197303 0.4 0.544493792573331
0.625857073806802 0.525958134149844 0.693220274061406 0.455554361630769 0.6 0.499587318226647
0.587712787155248 0.403403612148534 0.350815746324416 0.352779002199163 0.4 0.398982043081183
0.31307392326406 0.615088695605343 0.411805226558705 0.367690075268896 0.6 0.385351721019266
0.816578507064572 0.045686500104129 0.616444179098017 0.307563438634719 0.6 0.33962307160759
0.473279927200586 0.615088695605343 0.637752587360312 0.455554361630769 0.4 0.481666817017081
0.320702780594371 0.953784829136237 0.690416972731228 0.972244501101358 1 0.813864878489807
0.343589352585303 0.503619082038213 0.514703881950062 0.455554361630769 0.6 0.440317949951746
0.587712787155248 0.615088695605343 0.585173600985152 0.730998630313712 0.8 0.684501202932149
0.664001360458356 0.797463536737363 0.244831871595739 0.730998630313712 0.8 0.712168485494972
0.496166499191519 0.576380566058955 0.772545745320369 0.352779002199163 0.4 0.412367060462389
0.328331637924682 0.313392980023201 0.585173600985152 0.568741595585681 0.6 0.484104336502207
0.465651069870276 0.518318371739373 0.461637260327459 0.526799427545093 0.6 0.51239187704406
0.671630217788667 0.46367160061506 0.545104015111648 0.809106622342337 0.6 0.727916599759629
0.633485931137113 0.241831732122316 0.563641252125576 0.426563661254057 0.2 0.438198797179202
0.305445065933749 0.49654504886953 0.525217465965448 0.540845330891464 0.6 0.485602556894684
0.31307392326406 0.482914594715238 0.709461852663668 0.397278616405206 0.6 0.396888016477748
0.297816208603438 0.625510115098601 0.468068603730618 0.397278616405206 0.4 0.404276685699868
0.31307392326406 0.469933209806388 0.455050929971641 0.512687112197303 0.6 0.464748578844131
0.31307392326406 0.469933209806388 0.455050929971641 0.512687112197303 0.6 0.464748578844131
0.358847067245925 0.604978363261137 0.330560593637937 0.79621881995559 0.4 0.664688784423656
0.610599359146181 0.476345701146904 0.605132793183924 0.367690075268896 0.4 0.427560496026233
0.70214564710991 0.54185709916623 0.350815746324416 0.717793864781918 0.8 0.681614480054576
0.526681928512762 0.550133272736404 0.637752587360312 0.367690075268896 0.6 0.422959541379854
0.526681928512762 0.503619082038213 0.474352086982109 0.512687112197303 0.4 0.513258638492116
0.70214564710991 0.398602507162915 0.360406887737286 0.677845954908352 0.8 0.634807945850671
0.328331637924682 0.615088695605343 0.369672842337624 0.426563661254057 0.4 0.427056254277547
0.473279927200586 0.389291273251413 0.672965121374926 0.352779002199163 0.4 0.3852320175565
0.740289933761464 0.576380566058955 0.509291438081735 0.292326397135553 0.4 0.400000000000219
0.664001360458356 0.482914594715238 0.627305985206233 0.322716987610197 0.4 0.404168413240562
0.70214564710991 0.54185709916623 0.350815746324416 0.717793864781918 0.8 0.681614480054576
0.465651069870276 0.503619082038213 0.549857517250152 0.38252287336719 0.4 0.415834814757603
0.831836221725193 0.393899383911697 0.788747197741294 0.292326397135553 0.4 0.396450921982457
0.450393355209654 0.525958134149844 0.601255856071571 0.337788401714266 0.4 0.385352203278595
0.671630217788667 0.408305793028586 0.395722971472286 0.596383083860693 0.4 0.579242270621139
0.725032219100842 0.550133272736404 0.230054246593513 0.637382524161393 0.6 0.630257299398684
0.618228216476491 0.489645683186493 0.568085569294806 0.637382524161393 0.6 0.612514273369522
0.717403361770532 0.489645683186493 0.330560593637937 0.352779002199163 0.4 0.428419149497003
0.297816208603438 0.595165393632937 0.403882367947019 0.596383083860693 0.6 0.5275158580265
0.816578507064572 0.46367160061506 0.411805226558705 0.691218230935918 0.4 0.675170615583992
0.671630217788667 0.413312275629491 0.739308146763018 0.307563438634719 0.4 0.387744984824774
0.633485931137113 0.46367160061506 0.387312477613158 0.367690075268896 0.4 0.424925198162801
0.297816208603438 0.403403612148534 0.297050990264281 0.650928851778308 0.2 0.53279493614507
0.51142421385214 0.595165393632937 0.330560593637937 0.484259418443762 0.4 0.498783154494033
0.50379535652183 0.604978363261137 0.530326390109422 0.717793864781918 0.6 0.655824657158847
0.335960495254992 0.931205086900844 0.693220274061406 0.834730898563407 1 0.731491721162179
0.458022212539965 0.49654504886953 0.480494356340667 0.367690075268896 0.4 0.401989769388812
0.297816208603438 0.376009071936476 0.395722971472286 0.540845330891464 0.4 0.464872585684981
0.839465079055504 0.298243925528054 0.319840808568869 0.691218230935918 0.8 0.648540466281192
0.595341644485559 0.518318371739373 0.308683362103336 0.582593750992074 0.6 0.569412122243453
0.641114788467424 0.533801623557928 0.37863493978194 0.70453396381032 0.8 0.66131086501159
0.526681928512762 0.222460056735134 0.535341567216398 0.367690075268896 0.6 0.377973434049582
0.50379535652183 0.482914594715238 0.816756614719099 0.352779002199163 0.4 0.4040526473723
0.50379535652183 0.408305793028586 0.660679031253195 0.307563438634719 0.6 0.360514211324358
0.549568500503694 0.647345470227333 0.426993549585151 0.677845954908352 0.8 0.642531832896271
0.519053071182451 0.533801623557928 0.623733130621471 0.367690075268896 0.4 0.41959077797448
0.60297050181587 0.797463536737363 0.258851328334581 0.821943784446501 0.8 0.758981221683397
0.610599359146181 0.445740628839896 0.330560593637937 0.337788401714266 0.4 0.396495742255991
0.404620211227789 0.525958134149844 0.492379684684304 0.540845330891464 0.4 0.510706770314671
0.389362496567168 0.310262175427538 0.486501619777147 0.623776651386266 0.8 0.528662430981354
0.496166499191519 0.340470208958672 0.601255856071571 0.469942068436966 0.4 0.460095271201704
0.31307392326406 0.51087450067276 0.284901457469243 0.43383858380163 0 0.414942791298293
0.50379535652183 0.423651750566142 0.581000703385091 0.757245469518565 0.8 0.655851727377889
0.664001360458356 0.550133272736404 0.68183031419717 0.38252287336719 0.2 0.456710608333632
0.648743645797734 0.54185709916623 0.330560593637937 0.757245469518565 0.6 0.696042765389643
0.496166499191519 0.0491874251173147 0.563641252125576 0.352779002199163 0.4 0.32662572889679
0.633485931137113 0.567385014826344 0.630832737153846 0.367690075268896 0.4 0.442141706212966
0.671630217788667 0.576380566058955 0.554529758949915 0.38252287336719 0.2 0.458350489424717
0.541939643173384 0.604978363261137 0.411805226558705 0.498507433814019 0.4 0.517364413639867
0.335960495254992 0.489645683186493 0.486501619777147 0.484259418443762 0.6 0.45494292531244
0.31307392326406 0.636257203951023 0.498133991616202 0.547843669180493 0.6 0.507746476670633
0.671630217788667 0.161235876673944 0.330560593637937 0.199069816797818 0 0.264093038137963
0.572455072494627 0.736051600437805 0.50376964454854 0.691218230935918 0.4 0.668853087006456
0.625857073806802 0.49654504886953 0.68183031419717 0.455554361630769 0.4 0.49570833407894
0.60297050181587 0.482914594715238 0.272186630814594 0.744148942508205 0.6 0.668166970456407
0.778434220413018 0.55863934001686 0.419504876106379 0.783279773215354 0.8 0.742537239366455
0.389362496567168 0.208653335368269 0.284901457469243 0.322716987610197 0.4 0.317882259994004
0.305445065933749 0.49654504886953 0.411805226558705 0.512687112197303 0.4 0.465239702840279
0.686887932449288 0.045426283064224 0.623733130621471 0.322716987610197 0.4 0.333659603131079
0.633485931137113 0.355527172712508 0.780766499856577 0.367690075268896 0.4 0.418901427595885
0.694516789779599 0.276392562074448 0.530326390109422 0.650928851778308 0.6 0.599999999999611
0.297816208603438 0.398602507162915 0.308683362103336 0.540845330891464 0 0.465679369205828
0.808949649734261 0.418426424522888 0.319840808568869 0.717793864781918 0.6 0.681167766656909
0.488537641861208 0.51087450067276 0.59732313378019 0.469942068436966 0.4 0.481291872760244
0.297816208603438 0.722045369351941 0.369672842337624 0.691218230935918 0.2 0.600163760248711
0.358847067245925 0.567385014826344 0.535341567216398 0.582593750992074 0.4 0.533377236251263
0.31307392326406 0.831854221065115 0.272186630814594 0.367690075268896 0.4 0.402074033686453
0.496166499191519 0.403403612148534 0.480494356340667 0.38252287336719 0.4 0.40768080861271
0.51142421385214 0.869110795753513 0.554529758949915 0.821943784446501 0.4 0.75692289839418
0.442764497879343 0.215385183985033 0.608955505619245 0.582593750992074 0.4 0.500613645898416
0.404620211227789 0.518318371739373 0.601255856071571 0.411958492932452 0.4 0.427292961191238
0.297816208603438 0.503619082038213 0.581000703385091 0.637382524161393 0.6 0.545729100631498
0.358847067245925 0.615088695605343 0.369672842337624 0.352779002199163 0.4 0.383417175622862
0.60297050181587 0.347860553553444 0.330560593637937 0.691218230935918 0.8 0.615758856577639
0.297816208603438 0.428991918940016 0.308683362103336 0.650928851778308 0.8 0.536805391092739
0.51142421385214 0.0591852590492009 0.585173600985152 0.337788401714266 0.4 0.322763234408263
0.664001360458356 0.647345470227333 0.411805226558705 0.337788401714266 0.6 0.428728684141468
0.297816208603438 0.445740628839896 0.498133991616202 0.337788401714266 0.4 0.346063648594721
0.656372503128045 0.457555610242136 0.647814563486846 0.307563438634719 0.4 0.38922961012419
0.541939643173384 0.615088695605343 0.563641252125576 0.691218230935918 0.6 0.649070894642806
0.374104781906546 0.54185709916623 0.448301957847447 0.469942068436966 0.6 0.45914107004331
0.450393355209654 0.567385014826344 0.55912347185049 0.322716987610197 0.6 0.378189115681681
0.442764497879343 0.413312275629491 0.634314561102066 0.441095250497385 0.6 0.441907917183067
0.633485931137113 0.533801623557928 0.403882367947019 0.322716987610197 0.8 0.400760542923659
0.305445065933749 0.371753609379263 0.576763107126024 0.623776651386266 0.6 0.520873848052927
0.358847067245925 0.525958134149844 0.403882367947019 0.292326397135553 0.4 0.333053595063929
0.343589352585303 0.647345470227333 0.530326390109422 0.484259418443762 0.6 0.475604759826896
0.427506783218722 0.403403612148534 0.498133991616202 0.367690075268896 0.4 0.385937317401734
0.526681928512762 0.54185709916623 0.581000703385091 0.469942068436966 0.4 0.491742065508129
0.648743645797734 0.329870898947747 0.369672842337624 0.512687112197303 0.4 0.507715212954256
0.320702780594371 0.533801623557928 0.455050929971641 0.498507433814019 0.6 0.465228906205133
0.458022212539965 0.567385014826344 0.434282501108605 0.397278616405206 0.4 0.429298184515933
0.557197357834005 0.413312275629491 0.535341567216398 0.397278616405206 0.8 0.430494409225801
0.747918791091775 0.451580217349049 0.554529758949915 0.582593750992074 0.6 0.59365932673926
0.51142421385214 0.51087450067276 0.660679031253195 0.411958492932452 0.4 0.447274080304063
0.526681928512762 0.476345701146904 0.644501559484507 0.352779002199163 0.4 0.404153221445048
0.328331637924682 0.313392980023201 0.585173600985152 0.568741595585681 0.6 0.484104336502207
0.366475924576235 0.469933209806388 0.554529758949915 0.596383083860693 0.6 0.531788983770581
0.374104781906546 0.46367160061506 0.72726569310106 0.469942068436966 0.4 0.455460144436178
0.633485931137113 0.367579982640458 0.340875760596556 0.582593750992074 0.8 0.555795838087214
0.51142421385214 0.384775324804335 0.712077370074614 0.352779002199163 0.4 0.39172606802963
0.618228216476491 0.49654504886953 0.426993549585151 0.352779002199163 0.6 0.416697793947402
0.480908784530897 0.55863934001686 0.736941729524301 0.352779002199163 0.6 0.407228647155932
0.50379535652183 0.567385014826344 0.411805226558705 0.717793864781918 0.6 0.647608596555833
0.297816208603438 0.367579982640458 0.448301957847447 0.540845330891464 0.6 0.464959259495898
0.656372503128045 0.316576849103537 0.308683362103336 0.411958492932452 0.6 0.437722262245091
0.297816208603438 0.533801623557928 0.585173600985152 0.322716987610197 0.4 0.346781966619628
0.473279927200586 0.340470208958672 0.68183031419717 0.337788401714266 0.4 0.368754197335173
0.374104781906546 0.489645683186493 0.690416972731228 0.441095250497385 0.4 0.439016491869357
0.320702780594371 0.51087450067276 0.687584621129067 0.397278616405206 0.4 0.401276638265011
0.297816208603438 0.54185709916623 0.474352086982109 0.426563661254057 0.6 0.414928609716906
0.473279927200586 0.615088695605343 0.284901457469243 0.322716987610197 0.4 0.380832087267169
0.488537641861208 0.367579982640458 0.37863493978194 0.38252287336719 0.4 0.399479037364532
0.526681928512762 0.625510115098601 0.369672842337624 0.441095250497385 0.6 0.476687638961317
0.610599359146181 0.625510115098601 0.601255856071571 0.637382524161393 0.6 0.629953447077897
0.633485931137113 0.670612651921883 0.474352086982109 0.664416409246578 0.8 0.654578171466173
0.450393355209654 0.550133272736404 0.530326390109422 0.337788401714266 0.4 0.386579009236416
0.31307392326406 0.51087450067276 0.448301957847447 0.411958492932452 0.4 0.404684045451471
0.465651069870276 0.533801623557928 0.672965121374926 0.367690075268896 0.6 0.411250452908955
0.641114788467424 0.482914594715238 0.319840808568869 0.322716987610197 0.6 0.394191452370519
0.473279927200586 0.55863934001686 0.387312477613158 0.610110441258527 0.6 0.570983341906189
0.374104781906546 0.533801623557928 0.411805226558705 0.397278616405206 0.6 0.409192808592599
0.60297050181587 0.344131788780627 0.403882367947019 0.717793864781918 0.8 0.633917823194456
0.541939643173384 0.451580217349049 0.545104015111648 0.512687112197303 0.8 0.510921995177943
0.480908784530897 0.135518949012926 0.319840808568869 0.292326397135553 0.6 0.300651696280169
0.450393355209654 0.398602507162915 0.75532307348755 0.322716987610197 0.4 0.362906170786834
0.442764497879343 0.525958134149844 0.530326390109422 0.397278616405206 0.4 0.423975290869421
0.564826215164316 0.604978363261137 0.589283745862245 0.484259418443762 0.6 0.516030894634381
0.488537641861208 0.550133272736404 0.612725489302845 0.512687112197303 0.6 0.514921103529322
0.473279927200586 0.953784829136237 0.637752587360312 0.783279773215354 0.6 0.735175004970993
0.351218209915614 0.708522111751796 0.545104015111648 0.540845330891464 0.6 0.5212325550702
0.709774504440221 0.46367160061506 0.616444179098017 0.512687112197303 0.6 0.543219975569107
0.305445065933749 0.54185709916623 0.498133991616202 0.411958492932452 0.4 0.407529633858772
0.587712787155248 0.413312275629491 0.601255856071571 0.554825751101012 0.6 0.542916310189185
0.572455072494627 0.489645683186493 0.308683362103336 0.568741595585681 0.6 0.55231599777158
0.458022212539965 0.445740628839896 0.50376964454854 0.596383083860693 0.6 0.547068158250715
0.297816208603438 0.418426424522888 0.662245336305859 0.367690075268896 0.4 0.365815321657381
0.320702780594371 0.765620310507962 0.330560593637937 0.650928851778308 0.6 0.584778969682062
0.358847067245925 0.909607072588729 0.706821064161799 0.84746854553169 0.8 0.743567082828027
0.70214564710991 0.682827922311522 0.258851328334581 0.568741595585681 0.8 0.598108576398307
0.320702780594371 0.518318371739373 0.434282501108605 0.441095250497385 0.4 0.425906413232401
0.656372503128045 0.765620310507962 0.461637260327459 0.526799427545093 0.8 0.576736655432994
0.366475924576235 0.440032267038813 0.419504876106379 0.664416409246578 0.6 0.56641009419643
0.717403361770532 0.525958134149844 0.576763107126024 0.426563661254057 0.6 0.491681728828882
0.31307392326406 0.49654504886953 0.750842325863926 0.397278616405206 0.4 0.39914072257874
0.297816208603438 0.636257203951023 0.576763107126024 0.540845330891464 0.6 0.501345133448543
0.358847067245925 0.636257203951023 0.474352086982109 0.397278616405206 0.4 0.418395187051216
0.396991353897479 0.403403612148534 0.612725489302845 0.307563438634719 0.6 0.341318292305875
0.50379535652183 0.344131788780627 0.695995114988196 0.337788401714266 0.4 0.374492190280951
0.51142421385214 0.344131788780627 0.802176118815711 0.426563661254057 0.6 0.438283875337863
0.679259075118978 0.503619082038213 0.641147904112466 0.397278616405206 0.4 0.463451321709703
0.297816208603438 0.298243925528054 0.593332997459885 0.469942068436966 0.4 0.414180262837316
0.305445065933749 0.765620310507962 0.426993549585151 0.783279773215354 0.8 0.665487935259036
0.335960495254992 0.457555610242136 0.272186630814594 0.568741595585681 0.4 0.498576036132577
0.450393355209654 0.525958134149844 0.498133991616202 0.352779002199163 0.4 0.393896721329149
0.297816208603438 0.708522111751796 0.258851328334581 0.498507433814019 0.6 0.473850474619658
0.305445065933749 0.418426424522888 0.319840808568869 0.582593750992074 0.8 0.496113840428257
0.358847067245925 0.398602507162915 0.695995114988196 0.322716987610197 0.6 0.345776037228084
0.534310785843073 0.476345701146904 0.554529758949915 0.484259418443762 0.4 0.494076900165804
0.488537641861208 0.489645683186493 0.498133991616202 0.292326397135553 0.6 0.353256326485024
0.366475924576235 0.326460686161624 0.520011223150803 0.367690075268896 0.4 0.365328102517475
0.458022212539965 0.49654504886953 0.811379664582877 0.426563661254057 0.4 0.448609032708179
0.549568500503694 0.389291273251413 0.498133991616202 0.554825751101012 0.4 0.530079854850474
0.625857073806802 0.604978363261137 0.55912347185049 0.70453396381032 0.6 0.673058917170061
0.641114788467424 0.313392980023201 0.630832737153846 0.568741595585681 0.6 0.546670782697984
0.480908784530897 0.51087450067276 0.37863493978194 0.441095250497385 0.4 0.455524344568589
0.641114788467424 0.49654504886953 0.297050990264281 0.637382524161393 0.6 0.610203470306507
0.694516789779599 0.567385014826344 0.480494356340667 0.292326397135553 0.6 0.392051389119787
0.549568500503694 0.127942767377929 0.75973154782889 0.367690075268896 0.4 0.36797671176645
0.526681928512762 0.49654504886953 0.666891105102924 0.367690075268896 0.6 0.417449145520815
0.50379535652183 0.476345701146904 0.701461686885949 0.411958492932452 0.6 0.442558827540687
0.297816208603438 0.518318371739373 0.44138210764098 0.441095250497385 0.6 0.421018463051133
0.656372503128045 0.451580217349049 0.369672842337624 0.512687112197303 0.4 0.52668570922363
0.465651069870276 0.413312275629491 0.468068603730618 0.582593750992074 0.4 0.53442229087704
0.473279927200586 0.376009071936476 0.704154511462928 0.455554361630769 0.4 0.453480568993601
0.31307392326406 1.25263435872232 0.530326390109422 0.821943784446501 0.6 0.746234575111372
0.328331637924682 0.595165393632937 0.308683362103336 0.352779002199163 0.6 0.373903883780997
0.595341644485559 0.49654504886953 0.581000703385091 0.568741595585681 0.6 0.564585507124697
0.671630217788667 0.199146075479683 0.411805226558705 0.352779002199163 0.6 0.383127634485151
0.297816208603438 0.550133272736404 0.387312477613158 0.337788401714266 0.4 0.354830011050593
0.297816208603438 0.518318371739373 0.530326390109422 0.610110441258527 0.4 0.529702492370209
0.557197357834005 0.831854221065115 0.230054246593513 0.582593750992074 0.8 0.596451619008631
0.488537641861208 0.371753609379263 0.55912347185049 0.322716987610197 0.4 0.362573087032763
0.671630217788667 0.503619082038213 0.634314561102066 0.498507433814019 0.6 0.532873248300335
0.633485931137113 0.533801623557928 0.403882367947019 0.322716987610197 0.8 0.400760542923659
0.335960495254992 0.503619082038213 0.350815746324416 0.337788401714266 0.4 0.356809762924293
0.664001360458356 0.384775324804335 0.714668095478314 0.367690075268896 0.4 0.426334622574481
0.473279927200586 0.445740628839896 0.714668095478314 0.367690075268896 0.4 0.40320309468139
0.671630217788667 0.393899383911697 0.520011223150803 0.484259418443762 0.4 0.505772748021785
0.618228216476491 0.576380566058955 0.788747197741294 0.512687112197303 0.4 0.545637804257671
0.480908784530897 0.576380566058955 0.486501619777147 0.352779002199163 0.4 0.404386952696674
0.633485931137113 0.567385014826344 0.630832737153846 0.367690075268896 0.4 0.442141706212966
0.31307392326406 0.482914594715238 0.709461852663668 0.397278616405206 0.6 0.396888016477748
0.427506783218722 0.482914594715238 0.563641252125576 0.498507433814019 0.4 0.484191389436335
0.343589352585303 0.49654504886953 0.468068603730618 0.38252287336719 0.4 0.390326695663654
0.366475924576235 0.503619082038213 0.387312477613158 0.469942068436966 0.4 0.451580574698121
0.679259075118978 0.367579982640458 0.297050990264281 0.664416409246578 0.8 0.615109866438679
0.595341644485559 0.476345701146904 0.59732313378019 0.650928851778308 0.8 0.615740119233958
0.633485931137113 0.393899383911697 0.319840808568869 0.637382524161393 0.6 0.594477870779334
0.580083929824937 0.850102339279841 0.746286895684009 0.809106622342337 0.6 0.766548823203869
0.320702780594371 0.567385014826344 0.593332997459885 0.809106622342337 0.6 0.664703643859706
0.557197357834005 0.451580217349049 0.774624230498018 0.367690075268896 0.4 0.419076608900117
0.305445065933749 0.636257203951023 0.525217465965448 0.691218230935918 0.6 0.596208425389967
0.480908784530897 0.682827922311522 0.55912347185049 0.972244501101358 1 0.819510760715665
0.358847067245925 0.482914594715238 0.743980388462781 0.352779002199163 0.4 0.376781123232472
0.480908784530897 0.476345701146904 0.608955505619245 0.441095250497385 0.6 0.456485792423482
0.549568500503694 0.525958134149844 0.545104015111648 0.582593750992074 0.6 0.568172967162512
0.305445065933749 0.636257203951023 0.525217465965448 0.691218230935918 0.6 0.596208425389967
0.480908784530897 0.831854221065115 0.714668095478314 0.650928851778308 0.4 0.639340186128013
0.480908784530897 0.408305793028586 0.520011223150803 0.677845954908352 0.6 0.597939384552329
0.656372503128045 0.658791422512555 0.468068603730618 0.441095250497385 0.6 0.50511601716115
0.80132079240395 0.301175205991343 0.230054246593513 0.70453396381032 0.6 0.648002007527138
0.717403361770532 0.567385014826344 0.360406887737286 0.554825751101012 0.6 0.580398894565418
0.526681928512762 0.54185709916623 0.403882367947019 0.637382524161393 1 0.597641685471578
0.427506783218722 0.482914594715238 0.563641252125576 0.498507433814019 0.4 0.484191389436335
0.404620211227789 0.604978363261137 0.520011223150803 0.367690075268896 0.4 0.404771590095649
0.31307392326406 0.489645683186493 0.690416972731228 0.397278616405206 0.6 0.397323175256681
0.31307392326406 0.585636857907004 0.540266375837282 0.582593750992074 0.4 0.524858027676418
0.297816208603438 0.525958134149844 0.535341567216398 0.540845330891464 0.6 0.487614415576079
0.641114788467424 0.423651750566142 0.693220274061406 0.352779002199163 0.4 0.416799562888224
0.458022212539965 0.445740628839896 0.50376964454854 0.596383083860693 0.6 0.547068158250715
0.343589352585303 0.670612651921883 0.455050929971641 0.637382524161393 0.2 0.574708407708899
0.534310785843073 0.434450757722199 0.608955505619245 0.469942068436966 0.6 0.480183321644261
0.458022212539965 0.585636857907004 0.244831871595739 0.411958492932452 0.6 0.436364229669225
0.358847067245925 0.457555610242136 0.44138210764098 0.292326397135553 0.2 0.326757332518043
0.664001360458356 0.585636857907004 0.605132793183924 0.484259418443762 0.6 0.531361282891655
0.473279927200586 0.525958134149844 0.709461852663668 0.367690075268896 0.6 0.412376394513439
0.473279927200586 0.423651750566142 0.734554644624514 0.322716987610197 0.4 0.369389505259433
0.496166499191519 0.576380566058955 0.772545745320369 0.352779002199163 0.4 0.412367060462389
0.450393355209654 0.49654504886953 0.768340747246527 0.307563438634719 0.2 0.363464981252777
0.557197357834005 0.482914594715238 0.644501559484507 0.367690075268896 0.4 0.42050637331201
0.465651069870276 0.482914594715238 0.687584621129067 0.367690075268896 0.4 0.405764544918922
0.297816208603438 0.55863934001686 0.581000703385091 0.582593750992074 0.4 0.518757840893009
0.458022212539965 0.489645683186493 0.455050929971641 0.411958492932452 0.4 0.430957651691838
0.458022212539965 0.457555610242136 0.634314561102066 0.455554361630769 0.6 0.460065630593956
0.297816208603438 0.953784829136237 0.687584621129067 0.834730898563407 0.8 0.722959253369791
0.496166499191519 0.647345470227333 0.272186630814594 0.910434338447749 0.6 0.771350421307365
0.427506783218722 0.451580217349049 0.572458774330503 0.352779002199163 0.4 0.382942783778896
0.419877925888411 0.310262175427538 0.214431738434153 0.610110441258527 0.6 0.519036587103483
0.343589352585303 0.457555610242136 0.530326390109422 0.540845330891464 0.6 0.489567311504544
0.31307392326406 0.469933209806388 0.272186630814594 0.582593750992074 0 0.503396319874812
0.396991353897479 0.398602507162915 0.623733130621471 0.352779002199163 0.4 0.372086468041115
0.519053071182451 0.393899383911697 0.319840808568869 0.307563438634719 0.4 0.35438386856348
0.686887932449288 0.155783695012227 0.675952249290013 0.26159621536727 0.4 0.317803572218821
0.70214564710991 0.286976816247289 0.37863493978194 0.744148942508205 0.8 0.657883557771891
0.297816208603438 1.00216999106922 0.272186630814594 0.677845954908352 0.6 0.618457851536432
0.458022212539965 0.451580217349049 0.630832737153846 0.322716987610197 0.4 0.36829931352223
0.358847067245925 0.567385014826344 0.403882367947019 0.596383083860693 0.6 0.538840394221075
0.786063077743329 0.695457269663521 0.568085569294806 0.610110441258527 0.6 0.651261564621103
0.328331637924682 0.243914850639979 0.698742067594601 0.352779002199163 0.4 0.339866550722482
0.496166499191519 0.682827922311522 0.620112952084778 0.455554361630769 0.4 0.493030606784689
0.595341644485559 0.658791422512555 0.244831871595739 0.650928851778308 0.8 0.629763810510695
0.541939643173384 0.636257203951023 0.319840808568869 0.610110441258527 0.6 0.592498369251765
0.534310785843073 0.292520949385443 0.616444179098017 0.38252287336719 0.4 0.40164421256019
0.534310785843073 0.51087450067276 0.593332997459885 0.411958492932452 0.4 0.449955587273509
0.755547648422085 0.367579982640458 0.387312477613158 0.526799427545093 0.4 0.540814639884282
0.580083929824937 0.722045369351941 0.651087889840325 0.717793864781918 0.6 0.689693282881475
0.618228216476491 0.518318371739373 0.387312477613158 0.554825751101012 0.8 0.557569591825359
0.549568500503694 0.445740628839896 0.492379684684304 0.540845330891464 0.6 0.528848503757068
0.671630217788667 0.408305793028586 0.395722971472286 0.596383083860693 0.4 0.579242270621139
0.648743645797734 0.658791422512555 0.520011223150803 0.526799427545093 0.6 0.564791008090142
0.480908784530897 0.413312275629491 0.739308146763018 0.322716987610197 0.4 0.36950897942599
0.717403361770532 0.55863934001686 0.403882367947019 0.568741595585681 0.6 0.589926507821749
0.374104781906546 0.434450757722199 0.272186630814594 0.375116181696534 0.4 0.379572866609552
0.549568500503694 0.595165393632937 0.729717005350148 0.821943784446501 0.6 0.73483589051288
0.496166499191519 0.434450757722199 0.690416972731228 0.397278616405206 0.4 0.425790136787713
0.297816208603438 0.595165393632937 0.369672842337624 0.38252287336719 0.4 0.389122078880322
0.473279927200586 0.49654504886953 0.768340747246527 0.568741595585681 0.4 0.545031197481482
0.297816208603438 0.451580217349049 0.272186630814594 0.821943784446501 0.8 0.64024620310001
0.450393355209654 0.434450757722199 0.593332997459885 0.38252287336719 0.6 0.405802674097711
0.633485931137113 0.46367160061506 0.387312477613158 0.367690075268896 0.4 0.424925198162801
0.664001360458356 0.647345470227333 0.411805226558705 0.337788401714266 0.6 0.428728684141468
0.480908784530897 0.408305793028586 0.520011223150803 0.677845954908352 0.6 0.597939384552329
0.305445065933749 0.682827922311522 0.419504876106379 0.411958492932452 0.6 0.420427952626943
0.4122490685581 0.367579982640458 0.709461852663668 0.307563438634719 0.4 0.341317867825054
0.664001360458356 0.295359545552178 0.554529758949915 0.397278616405206 0.6 0.431376311792997
0.488537641861208 0.576380566058955 0.387312477613158 0.322716987610197 0.4 0.382016377682558
0.732661076431153 0.54185709916623 0.230054246593513 0.426563661254057 0.6 0.486929928706196
0.519053071182451 0.476345701146904 0.616444179098017 0.352779002199163 0.4 0.402372568327333
0.297816208603438 0.489645683186493 0.284901457469243 0.568741595585681 0.4 0.494103290477889
0.351218209915614 0.384775324804335 0.589283745862245 0.677845954908352 0.6 0.566974868807695
0.458022212539965 0.518318371739373 0.796501462032619 0.426563661254057 0.4 0.450934320681505
0.305445065933749 0.54185709916623 0.698742067594601 0.554825751101012 0.4 0.503582010366596
0.320702780594371 0.55863934001686 0.520011223150803 0.292326397135553 0.2 0.331439805942906
0.305445065933749 0.503619082038213 0.492379684684304 0.568741595585681 0.6 0.503187900642783
0.60297050181587 0.567385014826344 0.360406887737286 0.526799427545093 0.6 0.541590231493206
0.786063077743329 0.340470208958672 0.369672842337624 0.677845954908352 0.6 0.640113220721827
0.519053071182451 0.533801623557928 0.330560593637937 0.650928851778308 0.6 0.601524334134891
