0.648743645797734 0.329870898947747 0.244831871595739 0.568741595585681 0.6 0.560948359718534
0.328331637924682 0.482914594715238 0.387312477613158 0.38252287336719 0.4 0.387164027332554
0.717403361770532 0.525958134149844 0.576763107126024 0.426563661254057 0.6 0.505318817883349
0.671630217788667 0.398602507162915 0.684722610855759 0.637382524161393 0.6 0.619845426338659
0.297816208603438 0.636257203951023 0.272186630814594 0.623776651386266 0.6 0.578800206257588
0.641114788467424 0.604978363261137 0.284901457469243 0.757245469518565 0.8 0.719113502690721
0.519053071182451 0.585636857907004 0.647814563486846 0.441095250497385 0.4 0.476451825299747
0.480908784530897 0.371753609379263 0.308683362103336 0.441095250497385 0.2 0.440755271858898
0.458022212539965 0.888928122715427 0.549857517250152 0.397278616405206 0.6 0.495431782128606
0.534310785843073 0.434450757722199 0.608955505619245 0.469942068436966 0.6 0.478621036749033
0.60297050181587 0.428991918940016 0.434282501108605 0.445922953272902 0.6 0.476931812445292
0.648743645797734 0.831854221065115 0.297050990264281 0.469942068436966 0.6 0.561767813323045
0.671630217788667 0.482914594715238 0.340875760596556 0.783279773215354 0.8 0.7320816920172
0.480908784530897 0.503619082038213 0.593332997459885 0.455554361630769 0.6 0.46670434773333
0.564826215164316 0.476345701146904 0.498133991616202 0.596383083860693 0.6 0.576967549993336
0.488537641861208 0.367579982640458 0.695995114988196 0.455554361630769 0.4 0.452551748709361
0.374104781906546 0.428991918940016 0.549857517250152 0.367690075268896 0.6 0.377280352003661
0.297816208603438 0.398602507162915 0.498133991616202 0.292326397135553 0.6 0.308766673561247
0.404620211227789 0.604978363261137 0.520011223150803 0.367690075268896 0.4 0.411182051608403
0.465651069870276 0.363485853553821 0.687584621129067 0.623776651386266 0.2 0.570756526407186
0.717403361770532 0.489645683186493 0.627305985206233 0.554825751101012 0.8 0.581229675493994
0.366475924576235 0.489645683186493 0.330560593637937 0.650928851778308 0.6 0.589143203096497
0.60297050181587 0.647345470227333 0.627305985206233 0.596383083860693 0.4 0.604143323560408
0.297816208603438 0.457555610242136 0.535341567216398 0.367690075268896 0.4 0.368720246764914
0.526681928512762 0.46367160061506 0.50376964454854 0.70453396381032 0.6 0.648764788395237
0.297816208603438 0.469933209806388 0.455050929971641 0.411958492932452 0.4 0.401346218045529
0.549568500503694 0.489645683186493 0.486501619777147 0.596383083860693 0.6 0.575596194466598
0.877609365707058 0.384775324804335 0.525217465965448 0.610110441258527 0.8 0.646593488167629
0.664001360458356 0.0680401300773092 0.350815746324416 0.512687112197303 0.4 0.513599797242774
0.335960495254992 0.576380566058955 0.308683362103336 0.554825751101012 0.6 0.523889535426494
0.297816208603438 0.440032267038813 0.59732313378019 0.426563661254057 0.4 0.407944100455808
0.358847067245925 0.329870898947747 0.540266375837282 0.38252287336719 0.6 0.372407773503493
0.320702780594371 0.49654504886953 0.297050990264281 0.455554361630769 0.2 0.439083905885061
0.534310785843073 0.49654504886953 0.520011223150803 0.292326397135553 0.4 0.37754505692188
0.358847067245925 0.595165393632937 0.498133991616202 0.367690075268896 0.6 0.401405956868343
0.572455072494627 0.440032267038813 0.581000703385091 0.498507433814019 0.2 0.506494187111295
0.31307392326406 0.615088695605343 0.411805226558705 0.367690075268896 0.6 0.397852176888013
0.793691935073639 0.49654504886953 0.230054246593513 0.582593750992074 0.4 0.617467286788781
0.297816208603438 0.329870898947747 0.258851328334581 0.397278616405206 0.6 0.372664674752645
0.305445065933749 0.51087450067276 0.461637260327459 0.821943784446501 0.6 0.718485354031142
0.564826215164316 0.457555610242136 0.568085569294806 0.554825751101012 0.4 0.545719664995324
0.641114788467424 0.722045369351941 0.492379684684304 0.596383083860693 0.8 0.621381712667563
0.732661076431153 0.3594689721858 0.284901457469243 0.637382524161393 0.6 0.629133559635611
0.80132079240395 0.323109270147675 0.44138210764098 0.677845954908352 0.8 0.670188892815546
0.297816208603438 0.625510115098601 0.350815746324416 0.322716987610197 0.4 0.369649208127778
0.80132079240395 0.418426424522888 0.448301957847447 0.554825751101012 0.8 0.594254911320468
0.458022212539965 0.3594689721858 0.492379684684304 0.367690075268896 0.4 0.385246833594825
0.519053071182451 0.489645683186493 0.535341567216398 0.484259418443762 0.4 0.491616172652124
0.793691935073639 0.533801623557928 0.340875760596556 0.691218230935918 0.6 0.694000311422722
0.31307392326406 0.469933209806388 0.455050929971641 0.512687112197303 0.6 0.476570756462861
0.389362496567168 0.188864347791183 0.37863493978194 0.411958492932452 0.6 0.387081085573775
0.671630217788667 0.46367160061506 0.748574101363356 0.411958492932452 0.4 0.477390193838032
0.297816208603438 0.403403612148534 0.419504876106379 0.352779002199163 0.6 0.350186426142822
0.816578507064572 0.831854221065115 0.998101624340523 0.757245469518565 0.8 0.778408265221366
0.328331637924682 0.525958134149844 0.455050929971641 0.441095250497385 0.6 0.434326409374322
0.328331637924682 0.722045369351941 0.258851328334581 0.367690075268896 0.4 0.421345986372722
0.618228216476491 0.708522111751796 0.350815746324416 0.637382524161393 0.4 0.642770970048565
0.480908784530897 0.423651750566142 0.530326390109422 0.441095250497385 0.6 0.44679862020363
0.320702780594371 0.51087450067276 0.284901457469243 0.367690075268896 0.4 0.380274725694403
0.854722793716126 0.54185709916623 0.657519233243484 0.717793864781918 0.8 0.726392278171445
0.450393355209654 0.518318371739373 0.576763107126024 0.498507433814019 0.6 0.492621733018171
0.480908784530897 0.525958134149844 0.753091881638442 0.352779002199163 0.4 0.404478688231851
0.297816208603438 0.207021064845229 0.272186630814594 0.441095250497385 0.4 0.395149527345639
0.618228216476491 0.393899383911697 0.244831871595739 0.757245469518565 0.6 0.697011157477843
0.618228216476491 0.576380566058955 0.369672842337624 0.809106622342337 0.8 0.750879959200178
0.633485931137113 0.503619082038213 0.284901457469243 0.540845330891464 0.4 0.554544281299525
0.70214564710991 0.38034880107898 0.258851328334581 0.730998630313712 0.8 0.691415561751781
0.480908784530897 0.518318371739373 0.468068603730618 0.352779002199163 0.4 0.402600740169917
0.854722793716126 0.615088695605343 0.387312477613158 0.610110441258527 0.6 0.662487739586757
0.450393355209654 0.518318371739373 0.576763107126024 0.498507433814019 0.6 0.492621733018171
0.496166499191519 0.658791422512555 0.455050929971641 0.38252287336719 0.4 0.447515719096593
0.480908784530897 0.49654504886953 0.272186630814594 0.367690075268896 0.4 0.408123825889086
0.374104781906546 0.615088695605343 0.581000703385091 0.337788401714266 0.4 0.389526032392585
0.458022212539965 0.54185709916623 0.297050990264281 0.367690075268896 0.4 0.410368593032944
0.80132079240395 0.301175205991343 0.230054246593513 0.70453396381032 0.6 0.687551935560909
0.70214564710991 0.132078557352589 0.480494356340667 0.770288865944759 0.6 0.709499336965711
0.297816208603438 0.722045369351941 0.419504876106379 0.367690075268896 0.4 0.417333365262135
0.435135640549033 0.585636857907004 0.474352086982109 0.322716987610197 0.6 0.386605646851675
0.648743645797734 0.367579982640458 0.258851328334581 0.691218230935918 0.8 0.651516537945447
0.31307392326406 0.518318371739373 0.480494356340667 0.554825751101012 0.6 0.513909189702566
0.297816208603438 0.525958134149844 0.474352086982109 0.352779002199163 0.4 0.369753693562089
0.366475924576235 0.604978363261137 0.258851328334581 0.691218230935918 0.6 0.632374568553003
0.488537641861208 0.525958134149844 0.684722610855759 0.322716987610197 0.4 0.388325144428037
0.526681928512762 0.595165393632937 0.748574101363356 0.469942068436966 0.4 0.498226548128003
0.50379535652183 0.49654504886953 0.612725489302845 0.411958492932452 0.2 0.441619751476276
0.778434220413018 0.469933209806388 0.387312477613158 0.610110441258527 0.8 0.629666323960249
0.816578507064572 0.0625788018007552 0.258851328334581 0.426563661254057 0.8 0.499515332523905
0.396991353897479 0.46367160061506 0.403882367947019 0.322716987610197 0.6 0.357430072794474
0.641114788467424 0.567385014826344 0.509291438081735 0.352779002199163 0.4 0.449373068624291
0.297816208603438 0.482914594715238 0.330560593637937 0.70453396381032 0.6 0.622918843826085
0.755547648422085 0.604978363261137 0.426993549585151 0.455554361630769 0.6 0.542363285653819
0.641114788467424 0.533801623557928 0.37863493978194 0.70453396381032 0.8 0.673823843245818
0.618228216476491 0.567385014826344 0.786773763293056 0.512687112197303 0.4 0.541044974392804
0.625857073806802 0.525958134149844 0.693220274061406 0.455554361630769 0.6 0.500498776126217
0.587712787155248 0.403403612148534 0.350815746324416 0.352779002199163 0.4 0.412323313013539
0.31307392326406 0.615088695605343 0.411805226558705 0.367690075268896 0.6 0.397852176888013
0.816578507064572 0.045686500104129 0.616444179098017 0.307563438634719 0.6 0.435250092207629
0.473279927200586 0.615088695605343 0.637752587360312 0.455554361630769 0.4 0.481551939692628
0.320702780594371 0.953784829136237 0.690416972731228 0.972244501101358 1 0.885675270976061
0.343589352585303 0.503619082038213 0.514703881950062 0.455554361630769 0.6 0.443561788926027
0.587712787155248 0.615088695605343 0.585173600985152 0.730998630313712 0.8 0.692774117661358
0.664001360458356 0.797463536737363 0.244831871595739 0.730998630313712 0.8 0.727220387153641
0.496166499191519 0.576380566058955 0.772545745320369 0.352779002199163 0.4 0.416224337086053
0.328331637924682 0.313392980023201 0.585173600985152 0.568741595585681 0.6 0.505877911062109
0.465651069870276 0.518318371739373 0.461637260327459 0.526799427545093 0.6 0.514886895604237
0.671630217788667 0.46367160061506 0.545104015111648 0.809106622342337 0.6 0.749920428653028
0.633485931137113 0.241831732122316 0.563641252125576 0.426563661254057 0.2 0.455552430107028
0.305445065933749 0.49654504886953 0.525217465965448 0.540845330891464 0.6 0.500002897003121
0.31307392326406 0.482914594715238 0.709461852663668 0.397278616405206 0.6 0.395695457153365
0.297816208603438 0.625510115098601 0.468068603730618 0.397278616405206 0.4 0.416965230298794
0.31307392326406 0.469933209806388 0.455050929971641 0.512687112197303 0.6 0.476570756462861
0.31307392326406 0.469933209806388 0.455050929971641 0.512687112197303 0.6 0.476570756462861
0.358847067245925 0.604978363261137 0.330560593637937 0.79621881995559 0.4 0.711893587951222
0.610599359146181 0.476345701146904 0.605132793183924 0.367690075268896 0.4 0.436769044260943
0.70214564710991 0.54185709916623 0.350815746324416 0.717793864781918 0.8 0.695164705629706
0.526681928512762 0.550133272736404 0.637752587360312 0.367690075268896 0.6 0.427203370511332
0.526681928512762 0.503619082038213 0.474352086982109 0.512687112197303 0.4 0.514145385188091
0.70214564710991 0.398602507162915 0.360406887737286 0.677845954908352 0.8 0.654361793944205
0.328331637924682 0.615088695605343 0.369672842337624 0.426563661254057 0.4 0.438561471943408
0.473279927200586 0.389291273251413 0.672965121374926 0.352779002199163 0.4 0.383005970275492
0.740289933761464 0.576380566058955 0.509291438081735 0.292326397135553 0.4 0.448999018476202
0.664001360458356 0.482914594715238 0.627305985206233 0.322716987610197 0.4 0.427465516285325
0.70214564710991 0.54185709916623 0.350815746324416 0.717793864781918 0.8 0.695164705629706
0.465651069870276 0.503619082038213 0.549857517250152 0.38252287336719 0.4 0.415692264236186
0.831836221725193 0.393899383911697 0.788747197741294 0.292326397135553 0.4 0.45495401402266
0.450393355209654 0.525958134149844 0.601255856071571 0.337788401714266 0.4 0.388438613643711
0.671630217788667 0.408305793028586 0.395722971472286 0.596383083860693 0.4 0.591406153820366
0.725032219100842 0.550133272736404 0.230054246593513 0.637382524161393 0.6 0.644240206431104
0.618228216476491 0.489645683186493 0.568085569294806 0.637382524161393 0.6 0.6174123705149
0.717403361770532 0.489645683186493 0.330560593637937 0.352779002199163 0.4 0.45908343552254
0.297816208603438 0.595165393632937 0.403882367947019 0.596383083860693 0.6 0.553027583842276
0.816578507064572 0.46367160061506 0.411805226558705 0.691218230935918 0.4 0.692766978365838
0.671630217788667 0.413312275629491 0.739308146763018 0.307563438634719 0.4 0.413008282945393
0.633485931137113 0.46367160061506 0.387312477613158 0.367690075268896 0.4 0.440719688071077
0.297816208603438 0.403403612148534 0.297050990264281 0.650928851778308 0.2 0.573715906897937
0.51142421385214 0.595165393632937 0.330560593637937 0.484259418443762 0.4 0.504027013764623
0.50379535652183 0.604978363261137 0.530326390109422 0.717793864781918 0.6 0.669461706994039
0.335960495254992 0.931205086900844 0.693220274061406 0.834730898563407 1 0.780672571493634
0.458022212539965 0.49654504886953 0.480494356340667 0.367690075268896 0.4 0.403525449919999
0.297816208603438 0.376009071936476 0.395722971472286 0.540845330891464 0.4 0.485829354893138
0.839465079055504 0.298243925528054 0.319840808568869 0.691218230935918 0.8 0.686530384003796
0.595341644485559 0.518318371739373 0.308683362103336 0.582593750992074 0.6 0.577158311435637
0.641114788467424 0.533801623557928 0.37863493978194 0.70453396381032 0.8 0.673823843245818
0.526681928512762 0.222460056735134 0.535341567216398 0.367690075268896 0.6 0.38881106668609
0.50379535652183 0.482914594715238 0.816756614719099 0.352779002199163 0.4 0.403212892585801
0.50379535652183 0.408305793028586 0.660679031253195 0.307563438634719 0.6 0.365277945606854
0.549568500503694 0.647345470227333 0.426993549585151 0.677845954908352 0.8 0.651895583782986
0.519053071182451 0.533801623557928 0.623733130621471 0.367690075268896 0.4 0.422874484982242
0.60297050181587 0.797463536737363 0.258851328334581 0.821943784446501 0.8 0.782364507679406
0.610599359146181 0.445740628839896 0.330560593637937 0.337788401714266 0.4 0.415131009273736
0.404620211227789 0.525958134149844 0.492379684684304 0.540845330891464 0.4 0.516401990505073
0.389362496567168 0.310262175427538 0.486501619777147 0.623776651386266 0.8 0.555814509195265
0.496166499191519 0.340470208958672 0.601255856071571 0.469942068436966 0.4 0.461342866485424
0.31307392326406 0.51087450067276 0.284901457469243 0.43383858380163 0 0.424650987169531
0.50379535652183 0.423651750566142 0.581000703385091 0.757245469518565 0.8 0.682279247225271
0.664001360458356 0.550133272736404 0.68183031419717 0.38252287336719 0.2 0.469579796779208
0.648743645797734 0.54185709916623 0.330560593637937 0.757245469518565 0.6 0.714199559156996
0.496166499191519 0.0491874251173147 0.563641252125576 0.352779002199163 0.4 0.363650774850991
0.633485931137113 0.567385014826344 0.630832737153846 0.367690075268896 0.4 0.455817682848763
0.671630217788667 0.576380566058955 0.554529758949915 0.38252287336719 0.2 0.475168385563556
0.541939643173384 0.604978363261137 0.411805226558705 0.498507433814019 0.4 0.520765774652587
0.335960495254992 0.489645683186493 0.486501619777147 0.484259418443762 0.6 0.461158693327904
0.31307392326406 0.636257203951023 0.498133991616202 0.547843669180493 0.6 0.524942412448355
0.671630217788667 0.161235876673944 0.330560593637937 0.199069816797818 0 0.337830664012943
0.572455072494627 0.736051600437805 0.50376964454854 0.691218230935918 0.4 0.67643511411535
0.625857073806802 0.49654504886953 0.68183031419717 0.455554361630769 0.4 0.496764604589605
0.60297050181587 0.482914594715238 0.272186630814594 0.744148942508205 0.6 0.691682594106394
0.778434220413018 0.55863934001686 0.419504876106379 0.783279773215354 0.8 0.757872952268366
0.389362496567168 0.208653335368269 0.284901457469243 0.322716987610197 0.4 0.324697465136554
0.305445065933749 0.49654504886953 0.411805226558705 0.512687112197303 0.4 0.47890907123094
0.686887932449288 0.045426283064224 0.623733130621471 0.322716987610197 0.4 0.399999999999948
0.633485931137113 0.355527172712508 0.780766499856577 0.367690075268896 0.4 0.428999232733697
0.694516789779599 0.276392562074448 0.530326390109422 0.650928851778308 0.6 0.625782946855056
0.297816208603438 0.398602507162915 0.308683362103336 0.540845330891464 0 0.487943757624558
0.808949649734261 0.418426424522888 0.319840808568869 0.717793864781918 0.6 0.706030109610647
0.488537641861208 0.51087450067276 0.59732313378019 0.469942068436966 0.4 0.47884073665547
0.297816208603438 0.722045369351941 0.369672842337624 0.691218230935918 0.2 0.640846132496427
0.358847067245925 0.567385014826344 0.535341567216398 0.582593750992074 0.4 0.546112265450557
0.31307392326406 0.831854221065115 0.272186630814594 0.367690075268896 0.4 0.443537661956209
0.496166499191519 0.403403612148534 0.480494356340667 0.38252287336719 0.4 0.408575784900842
0.51142421385214 0.869110795753513 0.554529758949915 0.821943784446501 0.4 0.779930518772588
0.442764497879343 0.215385183985033 0.608955505619245 0.582593750992074 0.4 0.52622003684433
0.404620211227789 0.518318371739373 0.601255856071571 0.411958492932452 0.4 0.425521690563827
0.297816208603438 0.503619082038213 0.581000703385091 0.637382524161393 0.6 0.573291814402306
0.358847067245925 0.615088695605343 0.369672842337624 0.352779002199163 0.4 0.395605034331195
0.60297050181587 0.347860553553444 0.330560593637937 0.691218230935918 0.8 0.64203605728479
0.297816208603438 0.428991918940016 0.308683362103336 0.650928851778308 0.8 0.576004424713411
0.51142421385214 0.0591852590492009 0.585173600985152 0.337788401714266 0.4 0.357919990749124
0.664001360458356 0.647345470227333 0.411805226558705 0.337788401714266 0.6 0.460566239119619
0.297816208603438 0.445740628839896 0.498133991616202 0.337788401714266 0.4 0.346432208548872
0.656372503128045 0.457555610242136 0.647814563486846 0.307563438634719 0.4 0.413974688698417
0.541939643173384 0.615088695605343 0.563641252125576 0.691218230935918 0.6 0.656710591412729
0.374104781906546 0.54185709916623 0.448301957847447 0.469942068436966 0.6 0.46347750409933
0.450393355209654 0.567385014826344 0.55912347185049 0.322716987610197 0.6 0.386661797213734
0.442764497879343 0.413312275629491 0.634314561102066 0.441095250497385 0.6 0.438447680696216
0.633485931137113 0.533801623557928 0.403882367947019 0.322716987610197 0.8 0.425931963861563
0.305445065933749 0.371753609379263 0.576763107126024 0.623776651386266 0.6 0.550868993310009
0.358847067245925 0.525958134149844 0.403882367947019 0.292326397135553 0.4 0.342201019280737
0.343589352585303 0.647345470227333 0.530326390109422 0.484259418443762 0.6 0.485543645114875
0.427506783218722 0.403403612148534 0.498133991616202 0.367690075268896 0.4 0.38412402056577
0.526681928512762 0.54185709916623 0.581000703385091 0.469942068436966 0.4 0.490337629657184
0.648743645797734 0.329870898947747 0.369672842337624 0.512687112197303 0.4 0.522417200147942
0.320702780594371 0.533801623557928 0.455050929971641 0.498507433814019 0.6 0.475393175250309
0.458022212539965 0.567385014826344 0.434282501108605 0.397278616405206 0.4 0.433209395107404
0.557197357834005 0.413312275629491 0.535341567216398 0.397278616405206 0.8 0.433412982575888
0.747918791091775 0.451580217349049 0.554529758949915 0.582593750992074 0.6 0.602798286982828
0.51142421385214 0.51087450067276 0.660679031253195 0.411958492932452 0.4 0.445342062458637
0.526681928512762 0.476345701146904 0.644501559484507 0.352779002199163 0.4 0.407160149035116
0.328331637924682 0.313392980023201 0.585173600985152 0.568741595585681 0.6 0.505877911062109
0.366475924576235 0.469933209806388 0.554529758949915 0.596383083860693 0.6 0.545970838810507
0.374104781906546 0.46367160061506 0.72726569310106 0.469942068436966 0.4 0.45347865733248
0.633485931137113 0.367579982640458 0.340875760596556 0.582593750992074 0.8 0.570422064451378
0.51142421385214 0.384775324804335 0.712077370074614 0.352779002199163 0.4 0.391523893567293
0.618228216476491 0.49654504886953 0.426993549585151 0.352779002199163 0.6 0.432685966534355
0.480908784530897 0.55863934001686 0.736941729524301 0.352779002199163 0.6 0.40978866275959
0.50379535652183 0.567385014826344 0.411805226558705 0.717793864781918 0.6 0.665271074211141
0.297816208603438 0.367579982640458 0.448301957847447 0.540845330891464 0.6 0.485105337208019
0.656372503128045 0.316576849103537 0.308683362103336 0.411958492932452 0.6 0.45751732593715
0.297816208603438 0.533801623557928 0.585173600985152 0.322716987610197 0.4 0.351990806925297
0.473279927200586 0.340470208958672 0.68183031419717 0.337788401714266 0.4 0.367668697207321
0.374104781906546 0.489645683186493 0.690416972731228 0.441095250497385 0.4 0.436417979892116
0.320702780594371 0.51087450067276 0.687584621129067 0.397278616405206 0.4 0.401048922042276
0.297816208603438 0.54185709916623 0.474352086982109 0.426563661254057 0.6 0.422511625418031
0.473279927200586 0.615088695605343 0.284901457469243 0.322716987610197 0.4 0.399999999999952
0.488537641861208 0.367579982640458 0.37863493978194 0.38252287336719 0.4 0.40250861136627
0.526681928512762 0.625510115098601 0.369672842337624 0.441095250497385 0.6 0.483723085973611
0.610599359146181 0.625510115098601 0.601255856071571 0.637382524161393 0.6 0.631002071652426
0.633485931137113 0.670612651921883 0.474352086982109 0.664416409246578 0.8 0.659327423987636
0.450393355209654 0.550133272736404 0.530326390109422 0.337788401714266 0.4 0.392379637727401
0.31307392326406 0.51087450067276 0.448301957847447 0.411958492932452 0.4 0.409551860103297
0.465651069870276 0.533801623557928 0.672965121374926 0.367690075268896 0.6 0.411337812298993
0.641114788467424 0.482914594715238 0.319840808568869 0.322716987610197 0.6 0.420425382472363
0.473279927200586 0.55863934001686 0.387312477613158 0.610110441258527 0.6 0.580591141398819
0.374104781906546 0.533801623557928 0.411805226558705 0.397278616405206 0.6 0.412530433882367
0.60297050181587 0.344131788780627 0.403882367947019 0.717793864781918 0.8 0.661690136386226
0.541939643173384 0.451580217349049 0.545104015111648 0.512687112197303 0.8 0.51122934359248
0.480908784530897 0.135518949012926 0.319840808568869 0.292326397135553 0.6 0.322778777204653
0.450393355209654 0.398602507162915 0.75532307348755 0.322716987610197 0.4 0.360340441421868
0.442764497879343 0.525958134149844 0.530326390109422 0.397278616405206 0.4 0.423909640751214
0.564826215164316 0.604978363261137 0.589283745862245 0.484259418443762 0.6 0.516220067117867
0.488537641861208 0.550133272736404 0.612725489302845 0.512687112197303 0.6 0.513270639029545
0.473279927200586 0.953784829136237 0.637752587360312 0.783279773215354 0.6 0.760019219036702
0.351218209915614 0.708522111751796 0.545104015111648 0.540845330891464 0.6 0.535741045122013
0.709774504440221 0.46367160061506 0.616444179098017 0.512687112197303 0.6 0.549257813428673
0.305445065933749 0.54185709916623 0.498133991616202 0.411958492932452 0.4 0.413455310798653
0.587712787155248 0.413312275629491 0.601255856071571 0.554825751101012 0.6 0.54589937066607
0.572455072494627 0.489645683186493 0.308683362103336 0.568741595585681 0.6 0.560001367192042
0.458022212539965 0.445740628839896 0.50376964454854 0.596383083860693 0.6 0.55608562904756
0.297816208603438 0.418426424522888 0.662245336305859 0.367690075268896 0.4 0.363278223168323
0.320702780594371 0.765620310507962 0.330560593637937 0.650928851778308 0.6 0.619590389961277
0.358847067245925 0.909607072588729 0.706821064161799 0.84746854553169 0.8 0.788875476996435
0.70214564710991 0.682827922311522 0.258851328334581 0.568741595585681 0.8 0.609905348418471
0.320702780594371 0.518318371739373 0.434282501108605 0.441095250497385 0.4 0.432104366238217
0.656372503128045 0.765620310507962 0.461637260327459 0.526799427545093 0.8 0.586288603031238
0.366475924576235 0.440032267038813 0.419504876106379 0.664416409246578 0.6 0.594784686721233
0.717403361770532 0.525958134149844 0.576763107126024 0.426563661254057 0.6 0.505318817883349
0.31307392326406 0.49654504886953 0.750842325863926 0.397278616405206 0.4 0.39788195741761
0.297816208603438 0.636257203951023 0.576763107126024 0.540845330891464 0.6 0.518372082298724
0.358847067245925 0.636257203951023 0.474352086982109 0.397278616405206 0.4 0.427722756913836
0.396991353897479 0.403403612148534 0.612725489302845 0.307563438634719 0.6 0.339201642345202
0.50379535652183 0.344131788780627 0.695995114988196 0.337788401714266 0.4 0.375540946110729
0.51142421385214 0.344131788780627 0.802176118815711 0.426563661254057 0.6 0.435391132088621
0.679259075118978 0.503619082038213 0.641147904112466 0.397278616405206 0.4 0.475528976072152
0.297816208603438 0.298243925528054 0.593332997459885 0.469942068436966 0.4 0.424721543523874
0.305445065933749 0.765620310507962 0.426993549585151 0.783279773215354 0.8 0.716463239353198
0.335960495254992 0.457555610242136 0.272186630814594 0.568741595585681 0.4 0.519721655913764
0.450393355209654 0.525958134149844 0.498133991616202 0.352779002199163 0.4 0.397315070750068
0.297816208603438 0.708522111751796 0.258851328334581 0.498507433814019 0.6 0.499869872554795
0.305445065933749 0.418426424522888 0.319840808568869 0.582593750992074 0.8 0.522811496555971
0.358847067245925 0.398602507162915 0.695995114988196 0.322716987610197 0.6 0.340612013705099
0.534310785843073 0.476345701146904 0.554529758949915 0.484259418443762 0.4 0.493061246699138
0.488537641861208 0.489645683186493 0.498133991616202 0.292326397135553 0.6 0.364709576265819
0.366475924576235 0.326460686161624 0.520011223150803 0.367690075268896 0.4 0.362929552059
0.458022212539965 0.49654504886953 0.811379664582877 0.426563661254057 0.4 0.442470162879355
0.549568500503694 0.389291273251413 0.498133991616202 0.554825751101012 0.4 0.536134344560175
0.625857073806802 0.604978363261137 0.55912347185049 0.70453396381032 0.6 0.678745877957876
0.641114788467424 0.313392980023201 0.630832737153846 0.568741595585681 0.6 0.558622008125137
0.480908784530897 0.51087450067276 0.37863493978194 0.441095250497385 0.4 0.45765188707038
0.641114788467424 0.49654504886953 0.297050990264281 0.637382524161393 0.6 0.622096363991569
0.694516789779599 0.567385014826344 0.480494356340667 0.292326397135553 0.6 0.433760796759891
0.549568500503694 0.127942767377929 0.75973154782889 0.367690075268896 0.4 0.389999428170478
0.526681928512762 0.49654504886953 0.666891105102924 0.367690075268896 0.6 0.419119007817779
0.50379535652183 0.476345701146904 0.701461686885949 0.411958492932452 0.6 0.439077848733759
0.297816208603438 0.518318371739373 0.44138210764098 0.441095250497385 0.6 0.429076435097405
0.656372503128045 0.451580217349049 0.369672842337624 0.512687112197303 0.4 0.535220721332677
0.465651069870276 0.413312275629491 0.468068603730618 0.582593750992074 0.4 0.543899770573017
0.473279927200586 0.376009071936476 0.704154511462928 0.455554361630769 0.4 0.450420406922091
0.31307392326406 1.25263435872232 0.530326390109422 0.821943784446501 0.6 0.823483253351992
0.328331637924682 0.595165393632937 0.308683362103336 0.352779002199163 0.6 0.38677720672879
0.595341644485559 0.49654504886953 0.581000703385091 0.568741595585681 0.6 0.565465924083549
0.671630217788667 0.199146075479683 0.411805226558705 0.352779002199163 0.6 0.417707060762834
0.297816208603438 0.550133272736404 0.387312477613158 0.337788401714266 0.4 0.364217509393152
0.297816208603438 0.518318371739373 0.530326390109422 0.610110441258527 0.4 0.554013553348528
0.557197357834005 0.831854221065115 0.230054246593513 0.582593750992074 0.8 0.614001525317539
0.488537641861208 0.371753609379263 0.55912347185049 0.322716987610197 0.4 0.365412670338058
0.671630217788667 0.503619082038213 0.634314561102066 0.498507433814019 0.6 0.53556393178198
0.633485931137113 0.533801623557928 0.403882367947019 0.322716987610197 0.8 0.425931963861563
0.335960495254992 0.503619082038213 0.350815746324416 0.337788401714266 0.4 0.362011930408768
0.664001360458356 0.384775324804335 0.714668095478314 0.367690075268896 0.4 0.440309513663918
0.473279927200586 0.445740628839896 0.714668095478314 0.367690075268896 0.4 0.400000000000007
0.671630217788667 0.393899383911697 0.520011223150803 0.484259418443762 0.4 0.514627933526236
0.618228216476491 0.576380566058955 0.788747197741294 0.512687112197303 0.4 0.542217849427925
0.480908784530897 0.576380566058955 0.486501619777147 0.352779002199163 0.4 0.412230256582552
0.633485931137113 0.567385014826344 0.630832737153846 0.367690075268896 0.4 0.455817682848763
0.31307392326406 0.482914594715238 0.709461852663668 0.397278616405206 0.6 0.395695457153365
0.427506783218722 0.482914594715238 0.563641252125576 0.498507433814019 0.4 0.484332218532979
0.343589352585303 0.49654504886953 0.468068603730618 0.38252287336719 0.4 0.391841566628429
0.366475924576235 0.503619082038213 0.387312477613158 0.469942068436966 0.4 0.456914167986826
0.679259075118978 0.367579982640458 0.297050990264281 0.664416409246578 0.8 0.637893515814491
0.595341644485559 0.476345701146904 0.59732313378019 0.650928851778308 0.8 0.621760716179881
0.633485931137113 0.393899383911697 0.319840808568869 0.637382524161393 0.6 0.611541807229653
0.580083929824937 0.850102339279841 0.746286895684009 0.809106622342337 0.6 0.777206902032972
0.320702780594371 0.567385014826344 0.593332997459885 0.809106622342337 0.6 0.715008998019154
0.557197357834005 0.451580217349049 0.774624230498018 0.367690075268896 0.4 0.420439388166258
0.305445065933749 0.636257203951023 0.525217465965448 0.691218230935918 0.6 0.630406873601326
0.480908784530897 0.682827922311522 0.55912347185049 0.972244501101358 1 0.867961474974889
0.358847067245925 0.482914594715238 0.743980388462781 0.352779002199163 0.4 0.37321447219268
0.480908784530897 0.476345701146904 0.608955505619245 0.441095250497385 0.6 0.453432229625933
0.549568500503694 0.525958134149844 0.545104015111648 0.582593750992074 0.6 0.569836885308153
0.305445065933749 0.636257203951023 0.525217465965448 0.691218230935918 0.6 0.630406873601326
0.480908784530897 0.831854221065115 0.714668095478314 0.650928851778308 0.4 0.649051697369324
0.480908784530897 0.408305793028586 0.520011223150803 0.677845954908352 0.6 0.617234411425427
0.656372503128045 0.658791422512555 0.468068603730618 0.441095250497385 0.6 0.517435447983432
0.80132079240395 0.301175205991343 0.230054246593513 0.70453396381032 0.6 0.687551935560909
0.717403361770532 0.567385014826344 0.360406887737286 0.554825751101012 0.6 0.589518883043039
0.526681928512762 0.54185709916623 0.403882367947019 0.637382524161393 1 0.606795546481542
0.427506783218722 0.482914594715238 0.563641252125576 0.498507433814019 0.4 0.484332218532979
0.404620211227789 0.604978363261137 0.520011223150803 0.367690075268896 0.4 0.411182051608403
0.31307392326406 0.489645683186493 0.690416972731228 0.397278616405206 0.6 0.39666022678408
0.31307392326406 0.585636857907004 0.540266375837282 0.582593750992074 0.4 0.543276665487079
0.297816208603438 0.525958134149844 0.535341567216398 0.540845330891464 0.6 0.502860251566125
0.641114788467424 0.423651750566142 0.693220274061406 0.352779002199163 0.4 0.429827384223348
0.458022212539965 0.445740628839896 0.50376964454854 0.596383083860693 0.6 0.55608562904756
0.343589352585303 0.670612651921883 0.455050929971641 0.637382524161393 0.2 0.598343284472696
0.534310785843073 0.434450757722199 0.608955505619245 0.469942068436966 0.6 0.478621036749033
0.458022212539965 0.585636857907004 0.244831871595739 0.411958492932452 0.6 0.445270073914741
0.358847067245925 0.457555610242136 0.44138210764098 0.292326397135553 0.2 0.329960341934621
0.664001360458356 0.585636857907004 0.605132793183924 0.484259418443762 0.6 0.534986460358518
0.473279927200586 0.525958134149844 0.709461852663668 0.367690075268896 0.6 0.411798412706296
0.473279927200586 0.423651750566142 0.734554644624514 0.322716987610197 0.4 0.369106988955074
0.496166499191519 0.576380566058955 0.772545745320369 0.352779002199163 0.4 0.416224337086053
0.450393355209654 0.49654504886953 0.768340747246527 0.307563438634719 0.2 0.36615016429763
0.557197357834005 0.482914594715238 0.644501559484507 0.367690075268896 0.4 0.424368020581728
0.465651069870276 0.482914594715238 0.687584621129067 0.367690075268896 0.4 0.403564610000415
0.297816208603438 0.55863934001686 0.581000703385091 0.582593750992074 0.4 0.538234046236025
0.458022212539965 0.489645683186493 0.455050929971641 0.411958492932452 0.4 0.431037222510283
0.458022212539965 0.457555610242136 0.634314561102066 0.455554361630769 0.6 0.45658560311575
0.297816208603438 0.953784829136237 0.687584621129067 0.834730898563407 0.8 0.781155814590445
0.496166499191519 0.647345470227333 0.272186630814594 0.910434338447749 0.6 0.818279377999393
0.427506783218722 0.451580217349049 0.572458774330503 0.352779002199163 0.4 0.381211302007179
0.419877925888411 0.310262175427538 0.214431738434153 0.610110441258527 0.6 0.549142952512494
0.343589352585303 0.457555610242136 0.530326390109422 0.540845330891464 0.6 0.500011827960511
0.31307392326406 0.469933209806388 0.272186630814594 0.582593750992074 0 0.528951844479065
0.396991353897479 0.398602507162915 0.623733130621471 0.352779002199163 0.4 0.367727537496239
0.519053071182451 0.393899383911697 0.319840808568869 0.307563438634719 0.4 0.366576907556526
0.686887932449288 0.155783695012227 0.675952249290013 0.26159621536727 0.4 0.371716850900236
0.70214564710991 0.286976816247289 0.37863493978194 0.744148942508205 0.8 0.695631449279843
0.297816208603438 1.00216999106922 0.272186630814594 0.677845954908352 0.6 0.676287546208029
0.458022212539965 0.451580217349049 0.630832737153846 0.322716987610197 0.4 0.369327371506355
0.358847067245925 0.567385014826344 0.403882367947019 0.596383083860693 0.6 0.556125683508664
0.786063077743329 0.695457269663521 0.568085569294806 0.610110441258527 0.6 0.656722718231717
0.328331637924682 0.243914850639979 0.698742067594601 0.352779002199163 0.4 0.337552081403456
0.496166499191519 0.682827922311522 0.620112952084778 0.455554361630769 0.4 0.496765948042057
0.595341644485559 0.658791422512555 0.244831871595739 0.650928851778308 0.8 0.641567610074075
0.541939643173384 0.636257203951023 0.319840808568869 0.610110441258527 0.6 0.60109046638646
0.534310785843073 0.292520949385443 0.616444179098017 0.38252287336719 0.4 0.406124288761158
0.534310785843073 0.51087450067276 0.593332997459885 0.411958492932452 0.4 0.450138597073123
0.755547648422085 0.367579982640458 0.387312477613158 0.526799427545093 0.4 0.560388431992568
0.580083929824937 0.722045369351941 0.651087889840325 0.717793864781918 0.6 0.694835980095856
0.618228216476491 0.518318371739373 0.387312477613158 0.554825751101012 0.8 0.562601184992291
0.549568500503694 0.445740628839896 0.492379684684304 0.540845330891464 0.6 0.53165050118557
0.671630217788667 0.408305793028586 0.395722971472286 0.596383083860693 0.4 0.591406153820366
0.648743645797734 0.658791422512555 0.520011223150803 0.526799427545093 0.6 0.568560704278391
0.480908784530897 0.413312275629491 0.739308146763018 0.322716987610197 0.4 0.369502268826741
0.717403361770532 0.55863934001686 0.403882367947019 0.568741595585681 0.6 0.597636332813604
0.374104781906546 0.434450757722199 0.272186630814594 0.375116181696534 0.4 0.382595417324668
0.549568500503694 0.595165393632937 0.729717005350148 0.821943784446501 0.6 0.752841767350863
0.496166499191519 0.434450757722199 0.690416972731228 0.397278616405206 0.4 0.422442397783295
0.297816208603438 0.595165393632937 0.369672842337624 0.38252287336719 0.4 0.401535323258213
0.473279927200586 0.49654504886953 0.768340747246527 0.568741595585681 0.4 0.544081035439443
0.297816208603438 0.451580217349049 0.272186630814594 0.821943784446501 0.8 0.712836793337886
0.450393355209654 0.434450757722199 0.593332997459885 0.38252287336719 0.6 0.40287712687131
0.633485931137113 0.46367160061506 0.387312477613158 0.367690075268896 0.4 0.440719688071077
0.664001360458356 0.647345470227333 0.411805226558705 0.337788401714266 0.6 0.460566239119619
0.480908784530897 0.408305793028586 0.520011223150803 0.677845954908352 0.6 0.617234411425427
0.305445065933749 0.682827922311522 0.419504876106379 0.411958492932452 0.6 0.438262322240996
0.4122490685581 0.367579982640458 0.709461852663668 0.307563438634719 0.4 0.3378446087809
0.664001360458356 0.295359545552178 0.554529758949915 0.397278616405206 0.6 0.44912057167305
0.488537641861208 0.576380566058955 0.387312477613158 0.322716987610197 0.4 0.39641523800213
0.732661076431153 0.54185709916623 0.230054246593513 0.426563661254057 0.6 0.510976337926882
0.519053071182451 0.476345701146904 0.616444179098017 0.352779002199163 0.4 0.405277870321388
0.297816208603438 0.489645683186493 0.284901457469243 0.568741595585681 0.4 0.519029243140159
0.351218209915614 0.384775324804335 0.589283745862245 0.677845954908352 0.6 0.599039439233657
0.458022212539965 0.518318371739373 0.796501462032619 0.426563661254057 0.4 0.445490253445643
0.305445065933749 0.54185709916623 0.698742067594601 0.554825751101012 0.4 0.516425525053619
0.320702780594371 0.55863934001686 0.520011223150803 0.292326397135553 0.2 0.341810728541864
0.305445065933749 0.503619082038213 0.492379684684304 0.568741595585681 0.6 0.521725204368513
0.60297050181587 0.567385014826344 0.360406887737286 0.526799427545093 0.6 0.546501963017438
0.786063077743329 0.340470208958672 0.369672842337624 0.677845954908352 0.6 0.667834836382104
0.519053071182451 0.533801623557928 0.330560593637937 0.650928851778308 0.6 0.614515139539656
